24.542744	95.760592	1279.846156	
26.294469	95.199777	2166.601288	
24.802109	95.597678	1547.740620	
24.337584	95.712758	1260.503891	
20.854863	96.157491	1824.144588	
25.120701	95.987830	4521.831929	
21.890980	96.194051	1644.891439	
29.498782	92.848923	1538.102397	
26.275467	95.847660	1194.984688	
28.370609	96.527286	2802.224075	
23.594750	95.712964	1478.214432	
25.368255	94.308380	3238.996750	
23.816361	95.101305	2257.136641	
22.715491	95.183942	1839.635135	
20.320902	95.453022	1238.273005	
21.947672	94.105440	1728.719959	
23.218628	96.826696	3109.042645	
29.968131	96.680632	1618.430195	
27.233474	92.652801	1290.075248	
25.776410	95.552839	1137.827955	
29.913511	93.008419	1416.367144	
30.039769	96.769119	1566.545724	
22.791558	95.962360	2401.987934	
27.062344	96.314142	3027.434112	
23.471895	96.434587	1481.063700	
22.925194	96.330827	2799.979553	
25.139572	92.962044	1506.823480	
24.208651	96.935157	2078.339286	
23.244634	94.640733	2762.082806	
25.227199	95.385599	2932.417362	
22.759796	94.754815	2035.077426	
25.631381	96.001617	2190.104668	
24.595315	94.898185	2121.563897	
26.682329	96.069650	2620.495802	
25.598377	97.168901	1707.799491	
25.848324	92.705726	1433.151556	
19.926388	94.687882	1333.951739	
26.216053	91.887801	1465.107823	
21.358291	96.676913	1075.503752	
23.388575	96.664557	2379.969296	
27.320306	96.651940	2743.234925	
28.913952	93.987262	1369.235324	
23.235805	93.864583	3163.503435	
30.229103	92.377600	1451.167712	
20.013852	96.283537	3455.743392	
22.439010	95.958326	3047.369039	
23.316606	95.421039	2283.977105	
23.776663	93.588135	1482.234435	
24.579720	94.502894	1603.126692	
21.514284	93.294050	1377.525428	
28.653093	95.874658	1413.336719	
25.641668	95.358284	1669.551425	
23.416903	96.881493	2718.329035	
22.523294	95.116090	1272.560404	
26.009997	95.691190	1674.319641	
25.116488	96.147999	2225.324866	
21.424074	96.867226	4810.432680	
23.000537	94.745472	1439.548437	
24.472966	95.418829	1749.107716	
24.592587	94.923906	1698.953806	
25.902174	93.049898	1314.635250	
25.076172	93.847434	1507.052154	
22.608426	95.366767	3754.980146	
26.014704	95.965355	1766.142414	
23.336128	94.667021	1878.520809	
22.944767	95.303746	2299.919349	
27.918791	93.055081	1504.509574	
25.813357	95.878291	1254.147749	
78.291599	-62.217185	1966.712903	
24.922119	93.523000	1467.494438	
24.711773	94.334739	1199.433529	
28.542248	92.887865	1348.457639	
19.444067	95.059261	1222.580801	
23.620572	96.446054	1955.112368	
22.993736	94.966597	1819.800696	
24.155179	93.087172	1397.252899	
24.313168	93.987128	3079.761644	
26.036503	95.751499	1267.914203	
23.157378	95.086229	1715.185996	
25.516315	94.500216	2878.963235	
27.282662	93.701007	1415.429383	
23.677382	96.607725	3136.317689	
22.406217	97.121594	2529.422991	
22.084319	91.626861	1800.998994	
20.980137	94.565841	2804.437705	
24.926208	93.785463	1335.865982	
22.653676	97.054845	1636.425023	
20.453150	95.330782	2292.929770	
26.852267	95.753969	6007.935492	
23.946735	96.751362	2066.333947	
24.317473	94.815394	1713.203576	
25.160165	99.050315	3101.478364	
17.296771	94.938413	1199.180736	
24.771257	95.760589	2139.453493	
27.677714	94.665762	1362.978668	
22.130120	94.706497	1686.760401	
21.246155	95.952089	2594.848474	
27.281789	95.813805	1689.726388	
25.227764	96.659800	3523.670696	
29.592792	93.929602	1230.529025	
26.678969	95.144008	1235.498068	
24.163121	93.056970	2940.792977	
23.960781	96.221008	2192.515954	
25.956585	94.651685	1638.381977	
28.053909	96.216496	2103.389365	
29.171896	96.851137	1420.856226	
27.362322	95.024595	1836.079558	
26.229109	94.372137	1639.265927	
21.617040	95.010005	918.077755	
25.117766	92.618253	1348.703504	
29.116883	93.794186	1354.950235	
22.954200	95.154970	1362.311672	
23.150938	94.750135	1775.538612	
21.053627	96.394407	3278.399146	
26.671478	92.255561	1921.534591	
23.481249	96.078398	2801.476926	
26.035402	92.795301	1465.106849	
19.381965	96.198857	1960.354469	
27.247709	97.604409	6115.565582	
23.478189	95.327785	1882.784220	
23.733121	92.663904	1341.483232	
25.629663	95.267580	3272.049865	
28.204162	94.505673	1764.840242	
24.643676	95.039258	1727.449348	
27.816094	96.268700	1359.500409	
24.604083	94.181368	1367.231497	
30.143724	95.591486	1989.646655	
nan	nan	708.576441	
23.747266	96.488765	2624.672817	
25.888288	91.208721	1436.403519	
28.197608	93.871000	1828.530225	
20.286096	94.433647	2545.815123	
24.986007	94.326570	2170.588624	
24.494539	93.853130	2600.539642	
23.176455	95.686669	1783.923503	
19.291792	97.646393	9165.973924	
25.822629	94.878558	1818.103786	
28.477341	96.595752	2644.948143	
nan	nan	695.694775	
27.790554	91.989361	1406.948940	
24.763730	97.096828	3922.164028	
24.850348	95.730490	1320.328162	
22.384477	95.586203	1286.104528	
25.365594	94.499117	2865.581352	
21.853779	96.062978	1938.987596	
24.129992	95.166277	1284.049942	
23.308163	94.970178	1318.095367	
24.745676	95.466193	2735.351965	
27.819266	96.226462	2335.280715	
24.039754	95.743078	2867.815473	
20.955021	92.378750	1433.100596	
25.807823	95.874870	1286.565462	
24.576559	96.002033	2567.657865	
23.282668	99.137842	3511.744154	
22.984842	96.477344	3707.401074	
25.984473	95.184136	1827.992265	
21.956929	94.097429	2100.100779	
21.718950	95.173931	1350.719167	
24.563074	94.620265	1393.503664	
24.946687	93.981285	1858.238352	
23.875538	97.357497	2473.941108	
23.884360	94.321746	1319.942931	
30.504542	94.252525	2101.756609	
28.612140	94.611458	2327.401915	
17.555833	95.888815	1841.563747	
23.295654	94.955823	2441.673551	
24.652510	95.606409	2860.261913	
25.637076	94.470994	1388.083761	
24.145067	96.522703	1605.080515	
22.681584	98.130937	7245.780982	
21.952695	92.688374	1533.771247	
22.547136	95.371995	2045.233548	
29.688139	94.732656	1345.043316	
22.850659	96.476356	1211.458045	
nan	nan	653.962563	
26.132072	94.901045	3312.061793	
22.778484	94.491086	1394.024966	
24.331113	96.689292	1264.643656	
23.665955	95.625858	1357.354507	
22.073603	96.162206	1618.981460	
24.652634	95.502932	2433.811860	
23.440780	95.724754	3059.348306	
28.459765	94.247469	1255.321220	
27.871154	94.671717	1392.910605	
22.740003	94.849425	1259.230848	
19.759760	99.533426	3328.155247	
23.268812	93.355703	1477.632304	
26.770301	95.408704	1357.301598	
24.014032	94.199836	1362.634630	
22.038472	95.610351	2048.279945	
26.289120	94.930835	3261.884115	
21.258302	94.843746	2611.381289	
26.682743	94.933454	2242.441704	
nan	nan	797.721042	
29.743323	93.857261	2136.035023	
25.390604	95.159605	1627.006254	
23.493305	96.270406	3598.095213	
29.466343	97.166221	2151.337751	
21.593173	96.139457	1869.156226	
21.597061	93.420611	2388.165654	
25.779089	93.432820	1490.455266	
25.741593	96.960943	3573.117139	
26.313038	94.368643	1417.976449	
25.562030	94.857292	1267.324632	
23.612967	93.694004	1590.271137	
27.843927	93.872413	1950.189451	
24.446304	93.493542	1286.046635	
27.640383	94.523279	1199.560442	
25.117591	94.040307	1346.745335	
27.648017	95.984003	3394.259845	
25.026989	95.146577	1298.322804	
28.069404	94.182300	1292.586799	
25.944034	94.478061	2698.371878	
nan	nan	794.885903	
24.616810	94.684559	2215.114570	
26.766826	96.949554	5204.430652	
24.751959	95.145835	1364.632029	
25.800023	94.180780	1252.397643	
25.295018	94.689479	2500.848845	
27.615652	93.631486	1887.652837	
20.291767	95.625632	2087.399840	
26.143469	95.321767	1311.972817	
24.237196	93.322339	2086.949729	
22.628350	95.630997	1187.776735	
24.538512	95.636396	2973.811061	
25.607743	93.106753	1272.312347	
26.783241	96.284589	2617.297140	
21.496646	95.818110	1235.231749	
29.739686	96.740844	3101.436440	
23.241209	95.158557	2394.528293	
21.965665	93.865861	1975.868510	
25.518861	93.210593	1411.453367	
22.555138	95.517698	1860.861507	
24.297060	95.396150	1466.185905	
30.334703	90.774737	1276.289464	
21.787573	93.109476	1466.069066	
22.070446	95.174012	1705.654473	
23.017319	95.678582	1726.756365	
23.969365	96.275698	2106.588722	
24.103424	96.985752	3487.608141	
22.757119	93.411331	1223.586701	
22.796172	95.350243	1244.713150	
24.913371	96.355335	2172.412277	
21.237129	96.814099	1055.235753	
21.292794	93.714140	1471.324642	
27.524913	93.838878	1409.250056	
23.121013	95.810377	1223.567005	
22.687230	95.969005	3062.123688	
22.761907	95.757700	6517.468237	
22.082375	94.844402	1842.020155	
25.613322	94.537947	1366.986147	
29.921444	95.876925	2237.995978	
24.024769	95.189842	2347.459394	
26.131631	94.493792	2044.631499	
24.643750	94.068034	1431.847172	
20.599898	94.643476	3742.368663	
19.736748	95.592274	1826.142746	
22.248888	94.919402	1356.905181	
26.363031	94.211242	1407.739799	
22.354685	98.323353	1686.447596	
27.302174	95.243613	3521.507349	
21.589788	95.073443	1667.671876	
23.654480	94.078171	1778.693975	
27.073958	91.931711	1459.504771	
23.845924	98.761400	4382.717644	
25.502023	94.733915	1545.025373	
26.831459	96.108764	2328.719452	
20.395194	94.215513	1331.873836	
26.959130	97.001633	3918.306371	
22.976774	93.407068	1451.703292	
19.986209	100.560692	4799.288413	
23.864517	93.662732	1354.346735	
24.722978	96.178972	1683.184101	
25.551308	94.716154	1269.584482	
20.278894	96.500018	2656.634029	
25.715060	95.407261	1144.469495	
26.308797	95.341852	1256.496854	
24.684743	95.073951	1244.674044	
22.159149	96.567237	2631.356649	
28.224525	96.424541	3197.067379	
25.425396	94.328589	1287.445708	
23.743948	93.360523	1279.314158	
24.480498	97.007381	1613.261998	
23.563333	92.351845	1480.893925	
26.922964	95.876341	1361.483462	
26.925400	95.198456	2933.700715	
24.699047	96.674858	9228.535939	
27.323893	93.440838	1318.014300	
27.810694	92.513326	1420.273360	
21.257380	93.609959	1365.086873	
25.657690	95.707769	4477.322201	
25.359697	94.528215	1457.159418	
23.688893	97.346401	3433.898026	
23.511839	95.082799	3268.373152	
23.128959	95.021563	2226.155142	
23.707582	93.687897	1215.769621	
27.433945	92.876641	1214.690013	
24.673975	94.714456	1927.045208	
23.239685	97.951507	2197.932339	
23.788731	94.464413	1455.687051	
23.193210	95.278763	1799.890044	
26.443647	95.045379	2741.474052	
24.055601	97.302233	3836.443404	
23.060313	95.192377	2849.752214	
25.350531	94.871233	2764.959851	
22.125883	96.146111	1675.532246	
29.496840	96.157937	1241.751468	
26.004348	94.344482	1894.406690	
23.535201	95.608071	1270.697779	
24.002871	95.298103	2774.667629	
23.674303	92.274000	1236.979316	
30.460688	93.462877	1388.757497	
26.466853	95.669146	1368.737813	
22.133028	92.638276	1348.117199	
21.956584	94.553623	1474.838734	
24.240631	92.643266	1580.508361	
26.681217	93.474695	1665.722862	
25.234890	93.081866	1303.700170	
20.325704	94.987107	2418.456875	
21.757101	96.468764	3110.755799	
25.242338	95.941478	1681.644153	
29.403781	95.784110	1261.259423	
24.809339	95.636535	1293.166757	
26.971381	95.157326	2393.228330	
21.303347	94.474752	1441.029730	
24.371241	93.272749	1431.778498	
26.243738	95.934383	2617.167328	
23.021336	97.592314	5810.102084	
31.218655	93.365151	1529.322604	
26.129793	94.219377	1694.272532	
22.035786	93.917725	1123.729657	
22.614030	96.283263	2943.161530	
25.823422	95.745051	1754.779130	
22.088958	95.420988	1867.756829	
21.681275	94.690652	1381.860948	
22.864146	93.803891	2833.734345	
27.230975	94.753196	1299.050607	
24.241086	94.567561	1411.659233	
24.209837	93.908961	1989.857886	
24.445054	92.740924	1582.979573	
25.081009	92.733731	1413.163206	
25.636596	92.961079	1369.265575	
24.014177	94.578035	1709.450102	
25.731627	96.609324	1701.633649	
26.966426	96.130701	1443.125886	
29.152872	95.562329	1514.368740	
26.012352	93.454095	1908.211224	
25.233518	94.450668	2107.989981	
20.239947	94.594688	1754.371325	
28.313730	95.716858	2086.494650	
24.738175	93.830521	2281.774348	
21.997414	96.170065	1716.791949	
24.565622	94.372951	2038.417178	
28.063656	95.623310	3076.058367	
23.262119	95.460222	3627.715763	
24.413113	94.342846	1791.130129	
29.213983	96.401731	4992.166404	
26.536822	96.226747	5859.388234	
32.515568	94.557185	1357.853995	
27.013431	92.734233	1369.190781	
26.687215	93.110235	1752.255073	
22.875324	95.713652	1708.301517	
30.715707	93.559058	1398.864598	
25.780264	95.947896	1330.129428	
23.226309	96.402636	3684.023188	
21.286347	96.024417	1564.077807	
24.740104	93.134337	1833.484303	
24.950472	93.702829	2017.031440	
22.561809	95.359055	3148.789479	
26.750927	96.528613	4359.347159	
19.597594	94.859840	1731.415818	
20.694289	97.567881	2143.593283	
24.312454	94.246989	1821.773437	
22.371490	95.185998	1274.662092	
24.286114	94.926054	1641.184632	
24.706109	96.959766	2721.261910	
27.343658	92.772524	1574.475372	
21.693324	96.641588	2157.232063	
22.307231	94.509877	2195.068856	
27.043970	94.650827	2348.859697	
25.729630	94.688269	1456.838595	
26.437044	95.041711	2291.457576	
24.737586	95.956010	1302.886427	
25.822653	94.856160	1132.580976	
22.209717	95.357760	1079.921569	
28.570507	92.837498	1311.226535	
22.761402	96.398419	5087.774531	
31.466794	95.650218	1117.737605	
nan	nan	750.638124	
23.712856	97.941976	6848.399471	
19.729260	96.165885	1658.251961	
21.369281	95.037852	1739.535183	
20.187724	95.321266	2389.936863	
22.080870	94.259551	1391.095146	
27.336520	95.329611	1468.710985	
25.149783	96.540542	4150.551852	
26.415671	92.873109	1495.452487	
23.100682	93.283459	1549.034180	
21.981267	94.191124	1585.310573	
19.331073	96.894847	1588.447278	
20.935586	94.559505	1587.293732	
25.467806	96.731081	2175.939115	
23.076658	95.867345	2101.633754	
23.308888	96.695828	1583.558759	
24.096722	96.645481	3076.339074	
24.091831	94.147481	1237.380256	
26.178181	96.052068	1202.821640	
20.901040	94.831294	1768.192486	
25.773858	96.188544	3598.998135	
26.710527	93.361202	1477.072730	
25.734964	94.403573	1354.734725	
29.967169	95.735137	1563.570691	
25.613577	95.958185	3768.287767	
30.486423	93.416130	1438.042603	
21.959477	93.529379	1628.472147	
23.436965	92.367071	1431.272510	
23.105877	95.535246	6045.710918	
22.474681	96.133419	2090.424721	
23.712850	95.346601	1293.054758	
24.707111	96.484210	5092.620830	
22.068586	95.309210	1330.893773	
25.501396	93.964246	2046.147576	
20.353961	96.644674	1114.921268	
25.201660	95.457334	1213.074120	
21.790883	94.097549	1823.590932	
24.049706	95.064743	1231.121319	
24.228416	96.649739	3589.129645	
24.888209	95.513155	2227.900208	
27.907949	95.033114	1791.289082	
26.340407	95.603240	2112.478510	
25.903590	94.558850	1808.610764	
22.066707	95.568987	2697.832921	
27.994090	93.844980	1931.184616	
27.576319	94.729108	1781.148983	
29.704865	94.286625	1740.654448	
23.610516	95.070642	1291.772055	
22.742291	94.994900	1354.598669	
27.401598	92.966758	1558.084134	
24.589047	96.012502	1737.823004	
20.973973	96.367488	2189.384057	
20.964125	96.055935	2713.386309	
31.521476	97.230127	3420.066182	
24.676964	96.727354	2195.357116	
26.064576	94.756168	3094.877119	
28.793793	95.580539	2345.453107	
23.815642	94.787111	1427.622200	
24.678323	93.593224	2284.026807	
20.301944	94.496544	1197.877882	
21.704123	95.395070	2748.125828	
21.348187	95.899217	3557.049311	
24.947520	94.548630	1211.685471	
27.136261	94.961721	2872.515527	
23.393470	92.594463	1465.660065	
24.400778	93.541649	1305.096387	
20.436682	95.064931	1146.376864	
26.403633	96.058300	1302.262354	
20.259278	93.791210	1405.510510	
24.148149	95.819721	2094.272224	
22.779295	95.222979	1290.912223	
23.326079	92.858230	1474.044214	
22.971879	95.098517	1860.771142	
25.456257	93.527182	1317.356282	
28.392199	96.649321	1777.992700	
25.920784	93.165630	1375.496445	
28.523996	91.123705	1317.806784	
25.594119	95.107010	1499.248542	
23.799835	94.682464	1305.016433	
24.134987	93.463589	1334.420282	
21.542304	98.951450	3481.806821	
22.629796	96.841293	1806.342766	
20.793759	94.632533	1507.658633	
23.330389	93.567896	1223.756550	
27.814468	92.855592	2431.716446	
25.357642	95.108799	2248.126300	
23.083901	95.483940	1180.750192	
20.009087	94.384957	1356.391573	
27.590717	95.223067	4091.172003	
23.738627	94.053230	2095.008175	
22.043160	94.246546	1168.364819	
22.021237	94.919823	1799.112795	
23.027414	94.852514	3231.535614	
22.558181	96.452121	2198.423136	
23.482411	95.502621	1267.472418	
24.898678	94.690729	1518.739901	
26.276730	94.830677	2155.312246	
26.265269	95.540752	3317.873947	
23.018945	96.204598	2092.907344	
22.372583	95.565482	1215.786765	
22.633934	94.292800	2015.371983	
27.811912	95.481978	1435.263534	
25.935373	92.074094	1507.653817	
19.347259	95.934150	1299.718724	
23.296521	96.122282	2618.726315	
19.146081	95.882521	1175.039964	
24.780326	94.523716	1666.947837	
22.119299	95.171363	1952.025557	
24.214018	90.461735	1174.232304	
22.800953	96.837346	2627.063114	
21.100827	93.822499	1713.719928	
23.940944	94.201105	1292.247563	
22.453046	95.174829	1154.790484	
18.996663	94.882536	2840.179942	
25.052791	94.081808	1303.967339	
23.838361	93.080460	1156.232966	
28.626118	94.488087	1413.847770	
27.785321	93.974163	1341.576482	
24.348527	94.263923	2801.251323	
25.516506	95.838045	2252.388910	
21.215259	95.680065	3134.848631	
18.978400	95.190897	1181.289416	
23.838866	95.762102	2378.437968	
23.736315	93.149098	1376.054485	
20.195372	94.848108	3589.245588	
27.396302	92.133054	1496.482671	
24.493245	92.940959	2473.179302	
21.503916	96.070962	1684.609700	
23.722656	96.033391	3194.741233	
26.310171	94.877554	1062.907501	
24.218492	95.474531	1244.501870	
54.602859	21.373153	3501.525264	
24.963784	95.348586	3323.347738	
nan	nan	693.326216	
28.632822	97.711085	1159.503149	
19.704895	94.325918	2218.895849	
24.299744	97.040013	1288.476282	
24.338123	96.603721	1633.420414	
21.925004	94.603318	1262.490395	
25.851426	93.354794	2888.930295	
31.223675	94.308639	1873.120255	
32.614379	95.435638	1483.897410	
21.374457	96.627802	2155.202508	
23.512446	94.407105	1823.643599	
23.003506	93.541651	1802.637795	
24.970107	94.486495	1468.596282	
22.210233	96.211726	1142.186475	
20.734302	93.993922	1924.990332	
23.471613	95.050168	1349.391881	
30.175440	98.151838	1444.454199	
21.139007	95.641956	1291.649139	
26.271235	96.120520	2659.629396	
22.256955	96.112816	2126.832691	
24.662638	92.693889	1403.509711	
23.561171	95.848291	1796.951459	
29.344473	93.544190	1595.357427	
23.052676	96.976053	1040.495995	
23.448945	97.248942	2620.014949	
25.846082	96.093496	1743.261274	
29.058329	94.532061	2141.931697	
23.083939	94.486140	1273.356412	
20.598685	96.414015	5056.457386	
22.250040	94.560367	1702.675321	
21.020857	98.487236	7300.962726	
24.950554	94.185787	3212.749564	
24.316108	95.946999	1369.296842	
24.400091	95.799845	2283.494287	
23.492554	92.785306	1434.274205	
26.566810	95.226736	2129.850170	
24.389386	96.200314	6048.952817	
25.250627	98.077069	1442.172256	
22.151052	93.735920	2683.787397	
22.507873	94.831245	1324.665702	
26.849854	94.944311	1354.611657	
25.445511	94.167718	1654.605576	
24.248235	93.575401	2355.385953	
26.640609	94.751213	1766.466602	
24.083171	95.561741	1142.454426	
20.335324	94.817862	1328.919596	
24.729253	93.150578	1398.520904	
24.481215	96.266503	2709.345116	
27.098905	95.191579	1309.897682	
25.389494	95.541627	2157.162007	
28.423593	94.602515	1313.148360	
25.816026	94.455632	1208.281552	
23.906684	94.105744	1695.678252	
25.503391	93.104590	1586.009094	
19.851380	95.040322	1777.041285	
24.517661	96.393947	4051.179303	
22.806670	95.464752	2119.238803	
22.935854	94.647360	1895.648989	
27.368984	93.282583	1491.002315	
24.117871	96.538251	1055.691773	
22.778688	95.975213	2558.997842	
28.171527	98.218906	1575.951003	
25.000000	94.776012	1165.646000	
21.954911	92.628947	1983.126032	
23.849804	94.896882	1795.896706	
22.513087	96.980071	2130.778480	
22.382293	96.871225	4433.483438	
26.735883	92.423708	1628.993919	
20.889457	96.540047	1057.298200	
24.942654	96.176652	2983.725678	
28.075577	93.872869	1206.852597	
25.530307	93.520677	1178.833170	
27.366611	97.345374	5446.615263	
27.479327	92.692254	1349.971724	
22.012481	95.011140	1510.593397	
21.672709	96.129255	1668.312501	
30.110771	96.091280	1496.511321	
24.597321	96.240258	4176.661899	
23.970849	94.018991	1432.713781	
22.846050	95.745948	1885.285990	
20.110416	95.823109	1745.445931	
27.427840	94.436929	1202.343416	
26.684293	91.835975	1527.245289	
23.575736	95.309537	2052.571991	
23.799327	94.762645	1763.646914	
21.384239	96.052119	1638.309669	
22.298503	93.884343	1290.666485	
23.248428	95.404014	1069.749879	
24.980863	94.173489	1448.330748	
22.964863	95.937484	2000.949954	
21.084382	96.750233	2999.722613	
24.630266	96.975108	2691.876719	
23.572896	96.990650	2711.167811	
25.033360	96.115929	3035.603165	
28.595211	95.208528	4491.507997	
26.069897	94.323981	1646.460170	
23.993005	94.063726	1606.419463	
22.362366	97.690425	1732.528604	
26.474685	95.127824	1143.010137	
24.915020	95.259873	2304.157568	
20.894765	94.394646	1462.448638	
30.071600	96.520178	3389.719932	
25.571064	94.662145	1642.830225	
23.211767	95.895097	1138.712730	
25.777366	94.880651	1278.761120	
23.390368	95.643362	1845.598589	
23.804676	94.264212	1769.369324	
23.101058	93.747902	1385.861918	
28.682577	93.036445	1355.291906	
25.509037	95.950379	3325.756406	
21.235939	94.017217	1411.364681	
24.259624	98.405260	5192.784675	
24.159124	94.624192	1285.751570	
21.359879	94.231894	2923.549649	
27.307300	95.965989	2679.199420	
23.797909	92.203121	1336.511633	
27.914262	94.597027	1536.246643	
21.208567	95.007395	2150.100149	
22.586601	96.262312	1550.003370	
28.137250	91.915809	1592.738640	
25.957842	95.686181	2095.876871	
29.873289	92.699801	1562.711540	
25.094455	92.501850	1540.090907	
26.747904	97.334242	3548.214889	
22.915032	95.716802	1825.421382	
26.656211	93.925159	1424.713931	
30.002333	94.307917	2903.592241	
22.871687	93.506290	1365.660914	
28.163320	94.140031	1199.167791	
26.063864	94.654977	1215.318206	
27.571432	95.669633	1191.036980	
21.155101	94.102809	1398.038494	
23.629129	97.546581	6426.598505	
23.407196	94.438719	1694.739948	
20.405156	95.568741	2205.155031	
23.803263	93.981748	2221.081570	
25.944295	94.623643	1280.316658	
20.373246	93.241592	2903.110255	
24.049423	94.405838	1607.364336	
24.823687	94.747742	1723.802998	
24.555768	92.579234	1437.050310	
24.656482	96.836401	1494.557173	
25.956961	92.261356	1559.883015	
25.160967	93.251473	1870.144426	
21.505026	94.312469	1350.023694	
25.955773	95.645366	2003.436740	
23.175924	93.762981	1382.080499	
26.448241	94.720050	3866.965558	
23.955064	95.897592	2208.562795	
20.782083	94.101992	3252.157920	
24.807575	90.812261	1699.883132	
22.403224	94.522869	1295.099178	
23.703720	93.363974	1438.330988	
22.226249	93.521512	1675.397037	
27.784489	93.630103	1258.173269	
22.921137	94.129874	1345.646770	
29.075506	93.042008	1311.693740	
24.954688	96.923092	2204.204858	
23.914343	96.815465	3623.289394	
21.695962	97.521292	4570.504062	
22.060374	94.955291	1489.385476	
22.810298	94.006484	1495.877607	
20.853054	93.203202	1115.708126	
26.716787	95.481919	1242.658320	
21.098748	96.509200	1169.644755	
27.183151	98.496517	3099.795008	
21.116708	93.770441	1423.291054	
21.835462	95.330985	1863.928864	
22.008419	93.563549	1303.071151	
24.561026	97.637846	2112.452311	
23.870990	93.599834	1394.531377	
20.063827	95.325072	3177.756902	
18.535840	95.803969	1283.456507	
24.072329	95.430513	5502.984353	
26.914239	92.712227	1361.114864	
21.898209	95.260312	2416.298806	
22.837755	93.362203	1912.782846	
22.586291	95.148100	1732.732701	
24.820756	98.546540	2646.534179	
25.656142	95.874099	1223.281646	
25.649723	96.230321	2521.948932	
24.704361	94.938569	1806.952522	
26.902585	93.217327	1303.989546	
19.967042	93.826850	1775.864122	
25.841364	94.607255	1888.177957	
26.002458	95.687149	1719.756517	
22.686277	96.028526	2667.178232	
24.527404	93.992685	1775.198711	
23.401104	93.115670	2533.348659	
29.102349	96.999072	1165.156298	
25.848636	94.233968	1286.510863	
26.435490	94.121923	1284.425096	
23.343837	96.184724	1521.336009	
23.891532	93.922336	1415.418645	
24.300946	93.740046	1256.801020	
26.474702	93.499601	1522.960182	
22.291682	95.759355	2307.636574	
24.626086	93.395882	1292.672656	
24.526780	93.317787	2093.531888	
22.300860	97.360958	2129.009691	
21.444301	95.373278	2644.625961	
24.427286	94.815602	1902.227661	
26.350425	96.294842	2135.527815	
21.467015	93.987394	1420.898097	
29.386748	96.042418	2214.353739	
24.585058	94.542862	1774.403405	
26.138341	95.138092	1309.360829	
20.939284	95.415701	1152.166588	
24.805496	94.062821	1233.177450	
24.505702	95.863074	3129.165453	
24.033615	95.793277	3176.617464	
29.794692	95.538659	3070.594755	
27.309563	93.466096	1325.193522	
23.398874	94.879526	1266.250392	
20.466198	96.077939	2902.772010	
19.557875	94.933966	4149.490624	
21.576015	95.398257	2707.666921	
23.493925	96.486197	3200.194355	
25.429164	94.228874	1376.974592	
23.471930	95.402859	4687.094722	
22.904029	94.944179	2262.352688	
21.777399	93.701004	1500.970508	
21.245092	95.334653	2108.899117	
23.427326	95.832417	2173.529400	
21.214109	95.703781	3350.538010	
23.313991	96.277101	2646.533375	
27.547916	93.905963	1341.933044	
23.175136	93.455114	1432.346259	
25.059364	95.477206	3566.313702	
25.353336	92.331454	1254.685178	
23.238647	93.780498	2098.246225	
22.582663	94.113270	1585.626158	
27.004171	93.577932	2031.809828	
26.698195	96.797513	1215.502394	
31.641759	96.071012	2127.448617	
24.904915	93.731416	2670.274531	
28.259980	94.405529	2754.822701	
21.958113	94.102341	1243.921219	
23.673340	96.807074	1180.296198	
26.793856	93.583794	2455.589718	
27.575992	92.175574	1238.332713	
22.877315	93.736297	1215.500206	
21.496557	99.489764	6840.704761	
21.860247	92.673204	1444.716160	
23.696424	96.987330	1654.094183	
22.553357	94.325811	1184.770012	
27.305571	94.783222	1743.090372	
26.150392	94.711947	1355.607172	
23.409060	97.431083	2965.337729	
25.082240	97.724758	2644.579935	
25.792231	96.271334	4235.469255	
21.875899	95.231083	2228.343565	
25.787722	92.941224	2495.960182	
26.126431	94.904829	1397.425326	
25.360066	94.358488	2214.691261	
27.836778	91.810275	1497.501732	
25.084307	91.513423	1560.567748	
20.819112	94.859099	1830.445915	
22.150171	94.903173	1828.831090	
26.852744	92.916201	1573.491232	
24.935598	93.210827	1664.744788	
22.500008	93.487930	1499.301454	
25.038228	93.078682	1322.118877	
25.985599	93.222571	1327.196800	
23.220275	95.035316	2860.980957	
22.805646	93.652539	1232.711978	
27.036667	96.747183	5746.551626	
25.608891	95.293714	1779.361798	
25.629682	95.110967	1792.990807	
22.533606	96.193912	1333.544706	
25.559595	94.342491	1463.538793	
26.106776	94.897939	1853.181561	
23.187433	93.537043	1876.999430	
24.519822	92.629894	1451.832218	
15.785684	96.441188	1117.759391	
25.681160	96.533261	3784.672339	
22.916630	97.987437	3532.083595	
24.506666	97.287939	4196.241988	
23.859387	95.486620	2156.918233	
21.765939	95.753997	1691.708038	
25.145712	94.627874	1252.882193	
20.039471	96.322366	2617.106356	
25.211609	92.969515	1899.178403	
28.091803	95.028597	3545.230442	
24.423548	96.074441	2152.315196	
24.552760	92.352291	1894.289241	
26.948676	96.138032	2993.307530	
27.683429	93.080283	1515.352346	
22.640908	93.244135	1887.906141	
22.787468	94.072550	1383.753964	
21.389871	96.998963	2608.845342	
24.126467	93.892048	1342.340178	
24.066105	93.689246	1605.912726	
24.527660	95.657318	1807.547268	
25.046172	95.375037	2294.193212	
25.253237	95.410448	2103.936272	
25.269743	95.445119	2592.662370	
20.162091	94.858477	3844.244953	
28.898495	93.732110	2079.380741	
24.021487	96.677872	2602.889140	
22.063136	93.685645	1286.846754	
19.521051	95.582846	1141.461484	
24.229718	95.915891	2771.103390	
24.016536	95.327542	4220.947630	
29.433188	94.445629	1154.304037	
26.816795	93.136187	1369.696590	
23.555357	93.731919	1378.000516	
27.392253	94.086811	1453.028102	
23.140677	95.180394	1240.040460	
23.127691	93.829908	1950.539383	
25.790050	94.162385	1871.409271	
26.192180	96.564635	2982.232500	
27.264906	94.053999	3265.529607	
29.045724	92.585827	1273.209452	
28.193926	92.374359	1693.444573	
25.452747	95.517491	1458.392927	
20.580581	95.556772	2564.449190	
23.548663	94.802526	1954.069348	
29.135142	93.313681	1425.581465	
20.754130	96.257743	1606.201333	
39.432900	65.327990	3467.585739	
24.509403	94.576110	3299.577648	
23.926127	97.802309	7201.929022	
24.308274	96.309927	2163.768635	
21.360171	96.040554	2456.982018	
23.557442	94.249847	1914.608239	
24.766002	96.410015	3233.865577	
19.286519	94.871153	1383.763133	
25.240326	94.923652	1156.949185	
24.206714	94.207849	1285.443196	
22.261993	93.790154	1356.912842	
22.056102	95.338247	1738.818811	
28.152177	94.720780	1725.065179	
25.195373	95.198048	1867.719870	
25.259830	93.822966	1263.808226	
21.982605	95.614890	2733.124386	
21.626943	93.688383	1443.031532	
27.007279	95.028897	1196.286641	
28.031054	94.346187	1244.363640	
23.959669	93.722313	1519.209559	
24.715172	94.850892	1214.698387	
24.627992	95.980935	2918.408075	
20.014250	96.427758	3845.347472	
21.409958	93.550642	1740.261633	
24.959508	98.710548	2284.673367	
26.221928	93.229881	1357.731136	
21.938261	94.117849	3741.819503	
23.218266	94.837466	1316.699952	
20.991159	93.051837	1312.746933	
26.444000	91.029392	1460.982499	
26.495225	93.251150	1813.824994	
31.338371	94.907299	1911.712609	
21.989350	95.193492	4347.294121	
22.154592	94.507797	1350.528626	
23.528746	93.659495	1444.199977	
28.020637	96.285687	2015.136460	
19.946855	94.937495	2705.138431	
27.127287	94.008030	2112.170643	
20.329376	95.690903	1179.559807	
27.222218	95.793185	1282.975543	
25.220906	94.645620	1847.097814	
19.729444	96.464968	3090.285739	
24.449916	94.732835	1722.910381	
24.654946	95.791200	2439.050795	
27.325974	92.237443	1516.325447	
31.317924	94.036530	2212.979360	
20.191703	94.797747	1415.887890	
27.470627	94.126968	2181.555433	
25.910169	94.448181	1849.125936	
21.918137	95.421906	1944.752863	
26.755223	94.171554	1373.030306	
22.468461	94.075618	1311.551993	
25.180552	95.075344	1485.751683	
25.664093	95.354089	2281.866575	
23.304914	94.373760	1841.945076	
20.355414	96.500271	2293.338771	
22.972955	95.568310	1923.843138	
24.936616	96.270686	3218.760063	
24.882249	95.026154	2790.927954	
24.411726	94.692289	1482.421434	
21.256622	95.438188	3176.899062	
24.835389	94.947718	1368.061606	
27.097274	95.898286	1196.252974	
24.698752	96.871998	2699.029935	
26.945868	96.090778	4337.647139	
30.797388	95.684690	1805.693644	
28.601895	94.446356	2060.451419	
27.241724	93.725400	1247.974813	
25.540856	96.991323	3492.284307	
24.285798	95.372477	2607.376696	
22.673838	94.625575	1880.670275	
26.833690	95.290033	2311.068284	
19.012358	96.327303	1667.342981	
27.031489	98.180167	2409.082778	
31.403930	94.387520	1480.757233	
23.387480	95.459621	4203.406627	
17.790441	94.433834	1136.721539	
19.705930	96.889495	3204.178511	
23.256368	93.707897	1382.982243	
29.711294	96.271848	1589.785890	
22.873179	96.898541	1715.077634	
26.654519	95.604118	2504.752978	
29.940002	93.513950	1942.870302	
25.401073	95.967088	1517.770052	
23.732378	96.164051	2134.404754	
24.223647	93.177002	1367.069083	
19.879915	93.542840	1507.042747	
21.374534	97.221757	2551.888824	
26.095885	94.666342	2153.092230	
22.886074	96.471896	4597.094413	
22.872823	96.456227	2570.353863	
25.144624	94.525537	2779.282000	
24.602010	93.023954	1351.967451	
25.444712	92.825726	2383.206788	
20.340571	94.846654	3331.516645	
26.287046	91.167973	1271.277894	
23.460478	95.969014	5723.435221	
20.729552	94.367877	1209.094637	
27.736726	94.170036	1280.849068	
24.227295	92.638145	2033.151287	
26.918766	96.909011	2610.983398	
23.107566	95.038323	2185.120657	
27.759290	95.025425	2316.906899	
17.321869	95.539193	2250.664206	
28.394835	95.398003	2595.786219	
25.547247	96.542499	2001.262677	
31.362038	90.358286	1787.931924	
21.850313	92.442421	1619.732074	
22.345661	93.959387	2496.132273	
22.031636	94.918858	1484.616430	
27.733043	95.891480	3656.194473	
25.792625	94.287115	1871.007113	
25.995972	95.587894	1423.733214	
26.261940	90.948581	1559.054796	
21.424523	93.995119	2512.027676	
21.901070	95.374524	1181.500058	
23.371904	95.901081	1436.943499	
25.359241	93.522210	1336.782415	
22.061133	95.954868	3084.180162	
25.474505	94.117594	1393.972729	
25.387850	94.324463	1381.210135	
25.405591	94.649203	1357.601508	
28.669833	96.234649	2667.983225	
21.439019	95.569908	2082.672242	
26.825293	92.110490	1520.870242	
23.365571	95.623073	1139.514195	
23.580978	95.900254	3313.465426	
25.996537	94.427228	2491.538348	
24.400619	95.263876	2623.914256	
24.810201	94.329748	1802.814758	
24.723249	94.702736	1490.456053	
24.359994	93.881087	1199.687508	
20.755889	96.042979	1280.558745	
23.404097	94.718663	1347.549510	
22.083527	92.463574	1445.355841	
25.261341	92.986542	1378.064190	
25.559520	93.256920	1401.377308	
21.239355	96.268598	1187.953914	
18.815611	96.180438	3754.693829	
22.114064	93.806052	1777.593640	
26.482639	96.878741	1657.778340	
29.168251	96.639430	1557.881701	
27.549806	94.663899	1414.804285	
27.119089	95.013637	1364.991799	
24.102628	96.088021	4036.054914	
25.070224	95.255886	2486.469008	
25.776299	96.901978	1656.242868	
23.156891	95.967046	1134.706525	
26.196397	92.910620	1575.284958	
22.021066	93.936073	1571.054802	
22.428018	92.771232	1339.735538	
22.612459	98.773363	2480.389950	
21.938212	94.420309	2276.810423	
19.520279	94.955292	3116.909612	
23.860690	97.116411	1721.329818	
22.732436	93.584920	1427.395265	
21.519657	95.599769	3412.228021	
24.230404	97.309282	2616.418073	
24.295818	96.216971	1386.557381	
23.132464	94.447075	1275.870873	
22.668432	93.890082	1504.467806	
22.703690	95.678515	2466.473954	
21.976169	93.988934	1407.747680	
20.377304	97.440761	5355.051305	
21.032618	95.901958	2784.682632	
27.693058	95.665433	1649.673666	
28.899168	95.600566	1552.367547	
27.521277	90.648047	1749.618110	
24.746662	96.436659	3616.375787	
25.083232	94.464680	1712.256669	
16.972952	95.292280	3156.040199	
19.045476	94.337999	1751.443874	
22.689649	94.586148	3541.786957	
18.395608	95.032350	1546.417811	
22.364128	97.198596	2919.037542	
21.339897	95.145388	2354.010220	
28.685266	94.366154	1631.033596	
29.764062	97.204702	4068.585447	
25.138801	91.683791	1516.812136	
26.111557	94.999591	3304.473315	
26.756621	93.973868	1376.921776	
25.022399	95.277142	1343.838235	
24.028125	94.298108	1297.007625	
23.081798	95.004383	2168.683997	
28.650291	92.544008	1379.930578	
23.753695	92.211222	1380.622387	
20.458317	95.406051	1226.622712	
24.325871	95.161443	1430.482821	
19.631033	94.766780	1710.869189	
26.634413	92.271661	1387.687282	
24.181509	95.303718	3106.181133	
24.510044	94.621194	1269.980633	
29.186479	95.577743	1845.340216	
21.399941	93.921248	1410.732576	
26.178902	95.759962	3138.205994	
23.154848	95.209742	1827.462763	
24.765276	95.210704	2443.706741	
25.839027	96.077563	1708.688347	
23.825251	93.713117	1335.637336	
23.831310	92.296987	2011.221375	
22.802902	95.234943	1829.908983	
26.733593	95.960839	2222.296252	
24.369950	94.764663	1316.179119	
22.466928	96.114790	2064.567965	
26.779540	97.028195	1638.171503	
27.339198	95.062394	1875.152335	
21.897622	93.892251	1336.561182	
22.187163	93.955997	1397.274692	
23.846322	95.497566	3689.574614	
25.720867	93.740906	1453.773273	
22.033646	95.315942	1430.080370	
23.968888	94.992658	2207.497106	
22.896158	95.711185	1298.156640	
nan	nan	746.292452	
26.651933	93.595326	2364.812492	
25.211889	96.037333	1268.822047	
24.280670	95.256371	2877.211087	
18.349740	97.174261	2604.750004	
20.728951	94.917397	1471.012956	
24.328903	94.795812	2122.756960	
19.681196	96.804433	2960.231775	
20.229495	96.043088	1877.025892	
28.004385	93.615752	1521.103197	
25.562864	94.200125	1840.461616	
23.990687	95.848511	2758.814027	
25.045531	94.680776	1321.785493	
32.982739	90.399106	1527.164324	
22.518200	94.913723	3601.753463	
18.160208	96.865643	3230.869933	
22.624577	94.859208	2637.290256	
22.927933	92.179493	1496.550359	
22.918991	94.666379	1426.783398	
22.488284	93.661801	1484.806863	
22.943709	94.126940	1372.156701	
21.020314	94.648332	2678.599706	
23.447406	94.435360	2092.632701	
19.698807	94.950804	985.939706	
24.439096	94.802456	1718.618046	
21.492728	96.229920	1582.866519	
23.007547	96.060263	4553.487631	
22.226580	94.442200	1337.926614	
24.100344	93.248619	1213.589253	
20.462642	94.056309	2853.616102	
23.576254	95.870047	3718.835026	
28.374797	95.132768	1513.670317	
24.447276	92.272556	1630.874808	
26.711556	94.373758	1708.276255	
21.866053	93.660339	1416.242677	
21.140530	95.741107	3646.823769	
22.620305	94.056629	2199.756208	
25.931053	96.722243	3099.354627	
29.662693	96.353795	2191.967214	
30.094021	93.835646	1344.800492	
25.338679	95.039350	1384.132876	
20.147785	99.005535	2518.411083	
25.130032	93.663472	1776.183294	
23.267767	95.042566	2298.604222	
20.635672	95.147131	1761.819654	
22.246513	96.262986	1028.675398	
21.717925	96.431744	2341.999728	
24.715139	95.257970	2009.381752	
24.129202	94.832470	1262.750980	
29.671531	95.733305	1776.619085	
18.266793	94.276377	3218.106191	
26.513303	95.195231	1747.135723	
26.265695	95.347027	1864.218334	
27.701677	95.926113	2246.924619	
24.946891	93.008909	1393.510426	
24.652983	95.443631	1707.919613	
26.103425	94.515633	1326.788962	
27.545795	97.247560	2670.467231	
25.057391	94.060085	1233.864811	
25.295818	94.859048	3318.060896	
26.017055	95.426926	2132.614628	
21.334149	94.952308	1538.689337	
22.640486	91.947175	1634.938312	
29.922751	92.673605	1551.103011	
24.237733	96.141540	2769.304438	
23.839076	97.011869	2343.417293	
23.903518	95.056514	1363.805650	
21.801719	96.528153	2072.379497	
23.546289	92.547554	1545.573920	
21.002817	95.259859	1749.203424	
26.901062	94.294468	1927.002654	
21.285953	95.741171	4661.986464	
19.049723	97.270453	2477.008540	
24.881620	95.794386	4138.701843	
24.348739	95.547591	3065.249397	
25.214967	94.020608	4878.655435	
21.348002	96.013247	1284.720874	
23.525734	94.856987	1478.178898	
25.879418	92.453638	2836.010593	
22.872718	92.957102	1482.368481	
28.183168	93.240640	1422.690541	
28.813573	94.837741	1944.734795	
23.673302	95.011023	1766.886298	
nan	nan	777.834362	
22.720701	94.160437	1279.190497	
25.535931	93.846384	1937.579044	
22.703099	96.126826	1204.164216	
24.039224	96.026889	3154.278239	
25.355537	96.302601	1857.477420	
22.604403	93.802675	1906.071902	
22.313107	96.125911	1663.268476	
25.205863	93.662020	1445.296142	
23.460697	97.747205	2917.722191	
29.562047	93.570397	1901.021592	
19.652604	93.744194	2295.547470	
23.932338	96.610084	2391.375065	
45.825719	67.759454	1599.225672	
23.179840	94.898401	2814.326722	
20.025805	97.935728	2696.374044	
24.192393	94.904774	2113.072534	
23.865441	93.321999	1452.521117	
26.866165	97.926940	7353.840759	
21.631865	95.877522	1379.645722	
24.467208	96.675796	1092.068472	
18.397783	99.449939	5399.551917	
26.434101	95.142278	3338.626435	
30.147033	96.119960	1586.687159	
22.817900	96.552316	4990.872415	
22.018564	95.192744	3614.885495	
26.319513	94.472446	2238.265983	
27.668615	94.641274	1194.718199	
30.389777	94.627826	2789.033804	
26.276921	93.996714	1303.746876	
25.627254	94.977947	3407.509793	
23.567407	93.966498	1140.873751	
24.403307	96.734927	2074.742108	
26.911967	94.600603	2839.930006	
21.673488	96.263505	1678.751032	
21.557014	96.809253	2674.825228	
22.676151	95.021849	2152.724733	
27.027612	93.761616	1366.728303	
23.701119	96.285507	1560.068913	
25.084906	95.183913	2333.779265	
18.501761	93.914873	1365.155628	
24.861696	96.488563	1755.907440	
24.420992	95.701048	2710.651607	
22.016773	93.776021	1451.325839	
24.734947	93.665430	2781.459994	
18.950519	97.182776	1149.708545	
27.103038	94.375357	1310.106847	
25.163053	93.538223	1568.339453	
22.890074	95.383619	1792.994438	
22.354235	96.505400	2116.421305	
24.128745	94.918507	1225.336698	
21.928286	94.906487	1412.117620	
23.050585	93.765876	2766.061986	
23.307795	94.881267	1336.699793	
26.552432	95.560601	1767.519808	
nan	nan	749.043897	
23.188358	95.136050	2580.580468	
23.340061	95.562044	1644.474586	
21.928571	95.802043	1458.867435	
29.454620	93.641363	1138.075694	
24.611521	95.075076	1132.982312	
30.369671	97.343561	3636.395716	
26.696923	95.216500	2155.914812	
23.748880	97.015934	2886.996682	
23.807701	97.274196	1703.144241	
29.910172	92.732027	1475.601224	
25.381804	93.734277	1859.830750	
23.969166	96.129384	3441.285723	
25.717808	95.951273	2208.663920	
22.713494	97.497599	4480.389859	
31.373062	94.999490	1439.036545	
22.297806	93.057733	1545.695391	
27.000651	96.306149	2123.481215	
22.207673	95.718367	2149.615570	
23.211326	92.464312	1339.393157	
23.296742	91.384490	1411.445623	
nan	nan	657.493965	
23.957088	94.205715	1771.007647	
22.684772	95.119201	1426.749431	
20.996597	95.977355	1742.713846	
22.758723	93.021041	1873.828859	
24.075770	93.253701	1310.466927	
22.785359	94.431329	1346.234524	
nan	nan	652.523658	
27.715297	95.378980	2592.770562	
21.575205	96.089746	1646.046706	
20.153274	96.735266	2575.051295	
23.661558	93.946609	1495.258965	
22.523503	95.320304	1944.623102	
27.241291	95.640187	2791.739090	
21.256868	95.756738	2349.611040	
20.670122	95.354935	1748.197825	
21.183227	95.308803	1848.862665	
29.691884	91.579018	1485.591420	
23.998340	94.487879	1930.982827	
19.045956	96.714519	1085.711263	
29.856593	96.421524	1638.571820	
20.091918	96.852964	1481.507249	
24.825329	94.064801	2945.825375	
24.919002	92.010085	1476.293766	
24.866702	92.595189	1335.171083	
18.706861	96.045820	1639.367183	
27.331931	94.020253	1424.876647	
23.161743	93.835879	1838.361385	
21.465290	95.248080	2662.851816	
25.476993	94.465246	2249.009537	
29.865431	92.380732	2054.794283	
22.164059	95.775370	1292.240577	
24.288673	94.954010	5530.940483	
22.076707	98.312696	2473.848747	
20.860583	95.325549	2701.925935	
27.150975	95.533337	2749.892434	
20.115170	95.245065	1052.039728	
24.131230	93.332343	1418.215795	
24.686124	93.048241	1481.309028	
26.303855	94.608638	2839.605639	
27.433608	92.181074	1438.359329	
28.553953	90.219088	1570.588135	
21.943915	94.950449	1220.195895	
23.128798	96.043824	3514.240674	
25.380802	91.981906	1384.450381	
24.501287	93.039298	1945.917983	
25.146590	93.581932	1840.612342	
26.076299	94.153168	2749.644166	
27.639730	95.309098	2244.765825	
25.752773	94.441285	1822.149079	
18.523723	96.468518	2108.577140	
27.865410	94.906174	1974.041264	
21.863040	92.966780	1345.613033	
24.389883	94.890273	1431.569818	
26.209450	94.029805	1332.198900	
25.564751	95.812319	1452.436300	
28.135565	95.616830	2731.121125	
24.475779	94.192948	1171.265992	
23.269643	96.950151	1906.618268	
26.512606	92.731289	1316.749128	
24.596168	94.990337	2663.745665	
29.279820	93.995869	1430.651736	
20.939590	96.361210	1597.934644	
22.105821	96.557860	2204.344900	
19.352243	95.114584	1384.623870	
22.692472	95.881975	2151.708003	
23.671717	96.201150	3023.385611	
22.042420	94.248716	2161.824853	
nan	nan	675.833196	
25.797151	92.623045	1929.959824	
nan	nan	706.117923	
21.634811	96.484611	1755.489702	
25.249698	95.640755	2674.833450	
26.813942	92.348746	1581.226068	
19.289916	95.237860	5180.608170	
20.478007	97.059886	2199.687332	
23.211555	93.933942	1784.217842	
27.954846	94.819464	2270.052667	
25.244389	94.571722	1818.356211	
24.849351	100.502388	8148.053058	
nan	nan	692.242191	
24.889698	93.247360	1431.904102	
30.816144	92.085427	1439.224723	
26.684460	96.812247	1141.605550	
26.091729	95.476724	3108.828873	
25.875308	94.954223	1803.167681	
24.688504	97.616938	3513.006837	
27.312254	93.823029	1475.277565	
20.869724	95.427465	1387.095519	
28.078063	94.816934	1441.347987	
24.451543	94.969429	1966.621960	
25.491392	97.478862	3202.331976	
24.291703	94.608295	1556.637458	
23.137704	96.852119	2623.516096	
25.097945	94.991808	2362.751797	
20.589973	94.895014	1965.718515	
24.797198	92.736092	1304.638855	
27.137888	93.906266	1866.086680	
24.133890	94.458350	2044.018466	
21.081862	95.611536	1179.344286	
25.516701	94.407759	1311.196374	
23.502565	94.415531	1389.992675	
21.507256	95.852704	2667.973449	
24.124545	93.455878	1129.133117	
22.758929	93.429939	1607.557513	
19.660361	94.918434	1445.059756	
26.423748	91.952210	1573.133016	
19.912696	96.238109	5270.798824	
24.093904	96.329647	4462.456796	
28.112820	96.467350	2804.286407	
26.906208	95.580399	2684.381362	
25.674887	90.952425	1671.224798	
28.392985	94.913616	1240.665534	
26.563132	94.575775	1199.591434	
22.320850	95.294768	2007.308598	
25.405820	94.111559	1257.185302	
22.404031	95.817267	1245.338221	
26.770429	95.857471	2273.276980	
27.839737	93.627272	1195.481452	
25.671664	94.730334	1770.674558	
25.815672	93.141315	1823.830224	
25.402834	94.902110	1231.088405	
21.073496	94.584358	1709.492034	
21.127272	96.012072	2960.788845	
17.439922	95.182680	1699.503174	
24.502952	95.252948	2362.900118	
22.752195	93.866948	1731.122767	
23.094408	96.961752	1913.090824	
23.988451	96.278951	4431.229208	
23.682803	96.322275	3050.523640	
22.024682	95.301287	1847.558101	
31.050485	82.172172	11592.042568	
28.454816	92.798515	1257.807145	
24.303029	94.167895	1471.029293	
21.038144	95.679524	2321.863948	
21.099073	95.754044	2006.751216	
22.671396	93.768392	1463.839361	
26.392903	95.928427	1344.134181	
23.483843	95.660075	1647.368384	
19.910898	95.416288	1370.047570	
22.299217	95.645922	1398.928448	
28.604095	95.002498	3354.612115	
27.889392	94.523987	1423.138706	
28.568296	92.875570	1243.525959	
25.917431	93.872082	1032.453271	
22.543302	95.391305	1860.428379	
25.568212	97.392756	1693.064396	
23.586778	95.066396	1867.381629	
28.255590	95.274228	1280.182660	
23.383863	97.762630	4619.450589	
23.376015	93.548015	1468.226424	
22.467349	95.695712	1723.199322	
26.292363	94.714875	2404.450382	
24.433492	94.838415	3653.331115	
28.174834	96.238975	2629.993768	
27.017518	92.242029	1358.657096	
22.639526	94.406802	1908.310940	
26.637694	94.373578	1347.544783	
21.354784	94.104801	1599.304205	
27.846317	93.939104	1535.375812	
25.091686	91.648185	1538.928530	
27.729545	95.404873	3352.263133	
24.718591	94.339128	1281.764641	
22.928422	95.950312	1282.890169	
22.977277	96.789975	2979.616782	
28.404667	95.641286	2362.423417	
20.517066	94.969347	2048.484480	
21.434025	95.697035	1065.365653	
24.850756	93.162758	1613.714867	
23.059666	95.827826	3581.229650	
26.512832	96.330601	1606.905781	
22.462914	95.337859	4200.527570	
22.860528	94.433947	1836.927792	
22.583390	94.579929	1646.897731	
29.298455	96.456760	2150.650305	
21.401878	95.249380	1922.636563	
30.130854	92.335529	1486.702735	
22.004801	96.726412	6916.735168	
24.964141	95.105483	1393.936899	
21.988038	95.982859	1220.416440	
21.615999	93.728645	1370.741945	
22.764812	95.501537	4673.131185	
23.319159	99.174986	2516.870649	
29.689537	95.677710	1731.259781	
26.896104	93.350661	1377.053090	
21.572030	93.946233	2709.480975	
22.463993	95.111648	1212.434618	
27.027731	96.484546	1990.619761	
24.138694	94.685425	1784.688953	
24.123602	97.075578	3352.632454	
22.059085	95.063093	1756.767704	
24.877814	97.163382	5587.790854	
25.885274	96.004164	3302.587501	
23.737675	94.125177	2831.863455	
24.981434	96.126411	1208.044630	
23.235365	95.040634	2892.949921	
22.265749	94.849606	1201.988318	
25.434106	96.144169	1799.177242	
27.166708	93.048404	2064.962175	
25.296746	94.210879	1235.136554	
27.581172	93.727220	1628.357434	
23.353355	96.518696	2173.602416	
22.444705	95.519254	2711.110616	
23.222063	95.678837	1714.198618	
22.722656	97.165476	2103.361654	
24.272699	95.896306	3296.331084	
24.187229	93.331963	1664.686125	
25.916082	96.322384	1346.797868	
25.517625	97.568231	2975.026548	
22.515552	98.484508	2512.980197	
24.226173	93.514618	1453.662138	
28.948467	93.237738	1597.109143	
24.845817	94.068867	2181.167116	
25.458256	95.537471	1776.914503	
23.927264	97.544355	1217.485263	
19.733050	95.945948	3130.166070	
25.986651	93.707076	1771.680242	
31.892938	99.509696	9006.804591	
25.734728	93.228481	1252.273690	
23.986319	96.348837	1599.122771	
22.748480	95.583715	1628.208520	
21.673557	94.837174	1280.134912	
28.102588	96.385285	1748.761288	
20.977562	97.111969	2064.294222	
23.799957	95.885186	3412.294342	
23.514265	94.537707	1862.459013	
28.021738	94.931715	1311.661906	
29.665676	94.419464	1166.429315	
25.453415	98.460776	2338.090056	
26.000756	95.705510	2136.919491	
20.497498	94.730893	1328.303847	
25.449699	94.686170	2080.637707	
22.058353	97.211194	2426.958840	
23.722947	95.186787	1233.441142	
22.339982	94.593813	3122.120466	
21.885473	95.752866	1404.918341	
23.292433	94.826194	1584.941951	
17.557801	95.562477	1218.113880	
19.487808	96.846163	1849.682571	
22.350497	94.673535	1391.124691	
21.483622	97.096498	4405.894057	
22.939036	96.136143	3498.561253	
21.744284	96.591278	1640.083194	
25.410008	93.879263	2466.200122	
27.253965	95.883076	2077.116453	
21.666065	96.057248	3272.800932	
27.864984	94.712876	1253.017955	
26.975356	93.263831	1301.687733	
23.473296	96.329845	1350.654684	
24.764992	94.171663	2920.066352	
25.287654	98.062651	6932.213639	
22.310127	94.104188	1456.032170	
22.790908	97.101546	3739.479101	
25.568824	94.045571	2475.549229	
26.768700	93.272226	2281.514227	
26.404000	93.625714	1334.519301	
24.497725	94.039020	1340.871046	
22.020310	94.993135	2356.653362	
24.239934	95.042035	1504.262514	
27.794412	91.987237	1436.200653	
22.740071	95.555524	2115.983079	
26.119541	93.972275	1335.656765	
28.773748	94.513420	1693.943762	
20.449754	97.266054	1295.411129	
22.015561	94.700136	1235.398084	
21.660864	94.944123	3184.614843	
25.718088	92.862231	1565.704307	
26.482742	94.585808	2703.146665	
43.858591	62.550752	1713.139986	
26.266503	97.791929	1219.260392	
21.759663	94.672111	1107.586219	
27.387671	93.485131	2768.495079	
19.405794	95.711667	1643.813888	
22.393517	93.107195	1205.186637	
22.014682	95.952117	1514.840833	
25.510920	93.317530	1862.144626	
24.343112	95.457346	1122.996809	
28.105247	94.215066	2361.222115	
22.936834	93.559271	2297.927306	
25.526677	95.789380	1674.555805	
23.829565	93.756106	2090.164448	
22.241521	96.805403	3129.650072	
24.632483	91.938370	1479.186641	
22.105279	95.622729	1751.425180	
25.796734	94.514101	1874.362666	
24.084471	92.975324	1466.700009	
23.415037	93.248069	1499.800212	
24.730128	95.912625	4178.142477	
20.488627	94.452370	1712.691501	
21.543248	96.441353	1645.557433	
24.141028	95.590191	2668.480198	
20.042441	94.365376	1381.382399	
23.080842	92.497892	1603.774565	
29.686896	94.955843	1733.526482	
23.450544	93.646701	1412.954544	
18.091087	95.668969	1333.861700	
23.007329	95.776366	1279.254204	
24.591710	91.475030	1450.437062	
25.340001	95.318601	2319.861497	
24.651973	95.932111	2647.354017	
20.933994	97.325107	4065.655992	
21.340133	95.523972	2171.020363	
21.330125	94.949791	1246.370369	
23.919689	94.965161	1644.913491	
24.472785	93.433558	2835.944998	
26.056325	95.702993	1376.728060	
29.559668	94.359625	1351.555281	
25.443697	93.221565	1773.033523	
24.774881	98.033462	4010.530815	
24.322858	93.521817	1278.146081	
23.929829	94.678246	2906.195408	
25.941352	93.770358	1484.104471	
27.857282	92.123193	1693.782143	
23.531674	92.514012	1406.220904	
21.811875	97.667225	2529.364041	
21.226135	95.624173	2615.716672	
24.787337	93.400923	1389.415895	
22.929245	93.713557	1261.156928	
24.082682	93.794114	1886.051834	
25.315841	91.752173	1484.456713	
29.626053	93.560888	1351.449562	
27.610331	94.336522	2723.256079	
25.624728	95.804582	2463.388234	
27.497281	93.209240	1417.543947	
25.470540	92.287168	1507.298374	
26.265673	93.320799	1438.820018	
24.352667	94.885141	1424.311273	
26.579149	92.203037	1542.534460	
22.279468	93.636003	1506.025335	
25.307836	96.429789	1494.272355	
24.847638	92.176090	1503.435704	
28.803119	92.290796	1546.934002	
26.204788	91.907964	1360.424117	
26.028527	95.219987	1532.677401	
25.635062	93.749793	1292.655936	
27.291446	95.173008	3130.017026	
18.589183	97.562559	1965.839440	
25.647919	95.173431	1518.964821	
22.257566	93.659181	1398.353997	
28.373305	95.292608	1256.950108	
24.228318	91.627559	1423.185405	
26.824361	94.241466	2407.056755	
19.850408	95.981399	2076.386392	
21.406034	96.097674	4912.904513	
23.226265	96.670962	5558.972477	
27.516587	96.474650	6244.458207	
26.786127	93.438304	1483.930638	
29.194995	96.619762	2144.688486	
21.293163	94.695296	1228.321608	
28.587395	92.582699	1437.586149	
24.398195	95.168385	1655.947449	
23.274430	98.680638	1190.462211	
27.211508	94.340194	1731.988772	
24.372033	92.402993	1363.046622	
26.933182	93.127518	1391.741684	
22.812095	96.448256	1174.705802	
19.973742	95.391491	1780.775114	
21.849079	94.333531	1322.236099	
21.875916	96.882904	1473.583624	
20.865281	96.094385	1246.254510	
26.080240	92.706641	1348.110182	
22.447419	93.906906	2606.664891	
19.682866	96.725610	2297.801074	
25.357025	93.700287	1441.378563	
23.633181	95.964540	3003.039608	
24.374301	95.790037	1945.832071	
24.795658	95.077131	1396.490118	
24.042850	93.817870	1171.727930	
19.696813	95.609288	1174.259307	
27.212600	94.981325	1315.206136	
25.506211	95.569863	2162.539885	
29.800378	96.147374	1021.107914	
24.889194	93.168036	1655.633215	
