0.540165	-6.613476	2.844268	3.048165	95.748743	1279.861462	
0.568461	-0.612655	1.338605	0.470879	95.226858	2166.711455	
0.626799	-7.581458	6.819757	-0.164658	95.594247	1547.744277	
0.564512	-3.161737	1.966255	-0.841734	95.692769	1260.534609	
0.621904	-1.810227	-2.284023	-3.483337	96.036088	1825.589375	
0.576453	-2.818052	0.326772	-6.206439	95.990955	4521.832963	
0.532010	-1.971864	3.462383	1.144808	96.108151	1645.565871	
0.634270	-3.594159	-8.438681	0.795592	92.911911	1539.768832	
0.510796	3.353368	-4.894308	4.017908	95.882165	1195.091038	
0.628399	0.107087	-5.652421	-0.872887	96.615265	2803.051755	
0.610563	-2.647634	8.999829	0.839041	95.669400	1478.390485	
0.568803	9.868043	-1.051292	1.789052	94.316365	3239.007642	
0.582969	4.966511	-5.557191	-2.399998	95.073780	2257.247729	
0.593052	-5.940682	-1.189662	5.434540	95.121556	1840.072969	
0.511113	2.209109	6.751845	-6.951263	95.327319	1240.079778	
0.512833	-4.787527	-5.342551	-6.763647	94.030418	1729.455145	
0.543745	3.885312	-5.589434	5.091186	96.778739	3109.281714	
0.488843	-5.053751	1.338364	2.975088	96.809309	1619.810549	
0.582915	-0.976210	-0.432655	0.057795	92.706969	1290.407733	
0.504806	-2.095648	2.308174	-0.159456	95.570930	1137.864471	
0.575474	-4.658044	8.078192	-0.446346	93.100661	1418.155410	
0.482769	1.201418	-0.503663	3.695375	96.880905	1567.897186	
0.442769	4.174671	2.891293	-3.389542	95.882472	2402.267747	
0.521273	-5.926232	0.488191	-1.090361	96.366320	3027.697116	
0.448533	3.847567	1.765846	1.553633	96.393274	1481.196716	
0.619212	-0.158772	7.957927	0.496698	96.278868	2800.349377	
0.629761	0.099501	8.919704	-0.018833	92.963710	1506.825203	
0.521590	2.259920	0.305623	2.265850	96.913174	2078.379035	
0.597642	0.185604	-2.542582	8.150010	94.588884	2762.339218	
0.674907	7.473641	-1.686510	-2.011939	95.390363	2932.421959	
0.496755	3.401511	-0.274632	-2.633629	94.695778	2035.396011	
0.546361	5.978246	4.404579	-0.323015	96.019497	2190.132619	
0.508280	-1.470658	-4.828100	-6.654828	94.887048	2121.575155	
0.548208	-3.870152	3.423244	2.775125	96.112097	2620.682186	
0.558856	2.606076	1.872222	-1.215162	97.187860	1707.823224	
0.598591	0.241827	-1.758762	-9.842527	92.719057	1433.213365	
0.579549	-0.510576	-7.242284	-1.089228	94.512821	1336.155402	
0.600970	-1.202596	8.948873	3.445297	91.917998	1465.231955	
0.474075	-0.139082	-4.400461	2.364439	96.542951	1076.349920	
0.444345	-1.221840	-2.883040	-0.085826	96.616864	2380.110105	
0.619686	-0.766021	3.014863	-1.231317	96.708736	2743.614839	
0.579740	-2.522122	-0.055426	7.191073	94.076440	1370.328258	
0.580550	-1.158616	-3.726846	-6.733539	93.818590	3163.748223	
0.614596	5.774676	3.791980	3.179299	92.468345	1453.196136	
0.495363	-4.647425	6.418529	-0.151752	96.143850	3457.529266	
0.533597	-5.480885	4.631610	-0.891913	95.880190	3047.841573	
0.594071	-5.532743	1.159722	-3.582664	95.367614	2284.200256	
0.613322	6.107067	7.274229	-2.783611	93.557040	1482.370655	
0.658663	-5.964023	-6.396081	-5.041705	94.492278	1603.143957	
0.587947	8.479157	2.117459	1.870002	93.211375	1378.606151	
0.584570	-3.058703	-1.643870	-8.077245	95.968115	1414.336482	
0.524723	-0.792199	-2.331227	-5.982434	95.375838	1669.578676	
0.567559	0.763709	3.215539	7.831128	96.836811	2718.526379	
0.529668	8.275091	-0.487736	3.580163	95.043715	1273.039029	
0.516170	-7.320521	-1.684120	1.122991	95.716783	1674.387547	
0.589828	3.425551	1.760476	-0.237535	96.150730	2225.325831	
0.503407	-1.157861	-3.697597	4.829638	96.782285	4811.273233	
0.591028	-1.823656	-7.400288	6.585672	95.294261	1894.717885	
0.543585	-1.456378	-6.274918	4.492955	95.404712	1749.128053	
0.544544	-3.241393	1.758359	4.534851	94.913496	1698.965324	
0.535021	-3.060423	5.326600	-6.788670	93.071207	1314.695342	
0.650008	2.020790	5.045600	-6.825900	93.849231	1507.052674	
0.646362	5.965802	2.560877	4.977101	95.287822	3755.489769	
0.583211	0.131173	-4.256971	-1.696846	95.989795	1766.215023	
0.580732	6.926180	6.719659	2.771122	94.641122	1878.764747	
0.616501	1.550768	6.019962	-2.039961	95.243973	2300.266616	
0.626182	-5.161808	2.810468	-6.019884	93.112541	1505.199701	
0.555259	-3.646636	-1.019099	-2.261273	95.898765	1254.192540	
4.797892	21.616662	-3.731370	9.407534	-61.953330	2092.896596	
0.600018	-7.393897	-0.975450	-6.451263	93.521805	1467.494970	
0.513661	2.531237	-1.184170	-5.727378	94.328726	1199.439067	
0.540249	7.646480	-6.418450	3.306301	92.945875	1349.402417	
0.539691	-3.009377	-6.396675	0.542307	94.924113	1225.081857	
0.461060	0.250331	3.179072	-0.539843	96.405788	1955.220178	
0.613287	-2.321652	2.994458	4.168193	94.923129	1820.127107	
0.594653	-6.176549	4.964235	-3.401208	93.065838	1397.312323	
0.536459	2.192404	-1.854456	-7.047489	93.967868	3079.794597	
0.535804	-3.135024	6.769879	1.449833	95.781259	1267.989015	
0.527973	6.439079	-4.469795	0.166932	95.052174	1715.436865	
0.635667	6.206454	6.643992	1.016028	94.514730	2878.986285	
0.572818	7.989495	6.122195	0.059564	93.756810	1415.844174	
0.590822	-2.713631	2.903347	1.459240	96.569527	3136.445100	
0.499418	1.320112	-3.930289	-5.815939	97.037214	2529.876832	
0.559702	9.351532	-1.617868	-2.683751	91.582717	1801.736932	
0.612938	-2.273458	-6.485257	-3.906607	94.470195	2805.875097	
0.569579	6.135170	-4.731103	1.651104	93.783452	1335.866401	
0.510366	5.488742	-1.988872	-1.003925	96.986279	1636.798730	
0.599609	3.676370	4.309567	5.652133	95.205438	2294.761593	
0.603808	6.912522	-3.813284	-3.729876	95.798769	6008.193707	
0.510832	2.275483	-3.249417	-1.156193	96.717073	2066.403785	
0.555917	-3.547039	1.429731	2.049032	94.797232	1713.235748	
0.552510	-3.204783	5.577805	0.732634	99.055529	3101.480124	
0.528837	-3.700060	-4.817355	4.490165	94.735078	1204.226685	
0.508267	-9.080964	-0.009079	-1.220374	95.755364	2139.457230	
0.541943	2.698943	-4.128887	9.416208	94.719872	1363.529636	
0.537674	0.303567	-1.158361	-5.980269	94.625330	1687.359052	
0.509296	-0.918835	3.193382	-8.952699	95.872357	2595.943237	
0.530836	5.119938	-2.858895	2.216173	95.876882	1690.061684	
0.535518	2.267100	-6.383592	-2.904347	96.665360	3523.674231	
0.509543	0.866423	4.912348	-6.605595	94.025300	1231.864590	
0.542449	4.221912	-2.169705	1.063681	95.185510	1235.682411	
0.645136	-4.986536	-6.999613	-5.926178	93.040321	2940.860390	
0.546194	6.980553	-0.445631	2.556432	96.198610	2192.595207	
0.507399	4.436179	-3.962167	-1.679435	94.676970	1638.440148	
0.503845	-2.755604	3.164663	-4.499992	96.275343	2103.949687	
0.582705	2.225639	-5.776787	6.566863	96.937895	1422.161527	
0.592189	0.462236	4.027818	-5.816815	95.093010	1836.487827	
0.502791	3.613586	-5.452927	-0.351658	94.397653	1639.361422	
0.405605	-0.807643	-2.991748	0.252679	94.921783	918.688087	
0.565921	0.303022	-8.900855	-0.005609	92.619934	1348.704604	
0.573943	0.534494	-5.276087	4.895981	93.879061	1356.132630	
0.603823	-4.841319	1.647864	2.534593	95.106760	1362.648424	
0.565121	0.741330	-1.884718	-7.026689	94.718057	1775.804704	
0.660915	5.022537	-2.145798	-0.064754	96.291618	3279.787837	
0.632820	2.539378	3.489316	6.865638	92.289571	1921.765099	
0.636372	-2.062651	-4.966414	-2.747762	96.040139	2801.667453	
0.588840	-5.223681	-8.263499	3.190751	92.816262	1465.198224	
0.469140	-2.793227	1.607511	-0.841769	96.022789	1962.369371	
0.696817	4.379066	-2.276784	3.141873	97.669911	6115.966053	
0.599465	2.379257	-6.084071	6.354396	95.292641	1882.984808	
0.554048	-7.953852	4.187230	-1.528239	92.638812	1341.612074	
0.597748	8.948291	0.909520	-3.038841	95.282569	3272.082415	
0.543999	4.987859	-2.444307	5.850748	94.575261	1765.543367	
0.527711	-6.296761	6.331640	0.205462	95.031018	1727.458717	
0.578235	-3.221430	-4.299373	-4.395856	96.348043	1360.064175	
0.598096	5.326546	1.666807	-3.175200	94.173877	1367.243775	
0.469548	2.878154	0.394641	1.485723	95.729192	1990.982876	
0.588957	1.385717	-5.187685	2.441125	96.795621	5008.340307	
0.527755	-7.162467	-4.931629	0.781577	96.453087	2624.787748	
0.593766	-1.739172	-7.484994	-6.342710	91.220193	1436.470899	
0.580958	-5.657166	2.570679	-4.603429	93.954329	1829.267815	
0.733303	5.614076	4.585019	4.849624	94.333516	2548.317764	
0.529294	0.373851	-3.762599	-7.351876	94.326448	2170.588643	
0.513897	-9.195964	0.028633	-2.833895	93.841085	2600.558256	
0.609005	-2.373925	-1.809065	0.513079	95.638626	1784.178005	
0.615117	-1.293211	8.607779	1.864119	97.457877	9168.812958	
0.581670	5.300528	5.878835	-1.768399	94.898002	1818.155948	
0.555729	3.692852	2.935322	0.884882	96.704072	2645.705769	
0.583509	-1.501711	-4.293250	-4.378402	97.597026	4989.964174	
0.590547	8.239539	-2.044261	-1.574917	92.030794	1407.552937	
0.511261	5.771654	1.977926	-1.078785	97.090492	3922.167550	
0.568390	-0.336004	6.749535	-1.994555	95.726462	1320.329834	
0.577274	-4.704948	0.444096	0.491674	95.518581	1286.626670	
0.629746	2.696426	-8.400138	3.637271	94.509647	2865.593005	
0.460492	1.095815	2.174872	0.255579	95.985603	1939.569199	
0.563576	5.207597	-2.772323	0.740751	95.141803	1284.105345	
0.534681	4.862254	-8.237529	-2.930950	94.921931	1318.325714	
0.586092	-5.317574	1.357505	-5.961340	95.459284	2735.357014	
0.623168	4.030047	0.737626	4.910224	96.302318	2335.873811	
0.660410	-0.437948	-6.411827	-3.400481	95.713084	2867.895954	
0.615277	-1.082690	3.310459	8.242528	92.266853	1434.635670	
0.556587	1.119449	-5.036063	-3.406787	95.896995	1286.610955	
0.512976	3.549394	-4.450133	3.555962	95.987858	2567.669462	
0.541523	2.161874	-3.333078	-4.153788	99.085648	3511.945922	
0.631699	-4.424983	-3.325487	-2.504445	96.443498	3707.736595	
0.606131	-3.043851	5.191258	-1.216235	95.209118	1828.065568	
0.508822	1.872303	-4.588878	-4.987141	94.015544	2100.751597	
0.565566	7.632901	4.338499	-4.628905	95.071921	1351.664859	
0.568770	-6.922579	1.877703	6.446176	94.609405	1393.519436	
0.605811	-1.269025	7.660664	-2.180627	93.980262	1858.238585	
0.479368	0.192479	4.499643	3.578427	97.330102	2474.017916	
0.563955	-1.052979	-6.627912	-4.781314	94.301261	1320.041502	
0.687174	-2.766307	7.611365	-2.824994	94.361040	2104.316420	
0.600257	3.976961	2.137097	-7.498619	94.694139	2328.395636	
0.593045	5.088511	-8.447365	2.277231	95.664677	1847.267829	
0.655286	3.289120	4.252795	7.577868	94.903865	2441.947478	
0.652570	-3.662281	-2.804583	-5.347644	95.598681	2860.272203	
0.581489	8.350410	2.358921	0.676966	94.483413	1388.116139	
0.502214	-4.237269	2.546843	1.339979	96.497382	1605.126792	
0.571550	-5.812842	5.473783	0.816233	98.079280	7246.180748	
0.653579	-0.584367	-6.098203	-7.438888	92.619283	1534.704955	
0.476484	8.263464	-1.178713	0.787375	95.300024	2045.639674	
0.544547	4.760515	-6.536803	2.436326	94.831631	1346.537590	
0.540419	0.818364	2.938589	-2.844118	96.416509	1211.780824	
0.522851	-1.054614	5.714970	-5.032602	95.720639	3078.628422	
0.602594	-5.888138	-8.426610	-0.641189	94.920775	3312.170966	
0.585335	1.138742	-4.224803	7.978374	94.432286	1394.449628	
0.555868	3.552612	-2.018367	2.507389	96.668767	1264.674906	
0.591470	4.301807	-2.918861	4.486167	95.590060	1357.496108	
0.498588	-6.231903	1.836746	3.661936	96.079339	1619.580774	
0.670367	-2.758086	-3.853847	5.395349	95.494816	2433.822491	
0.540802	-4.820048	-3.110420	-0.762723	95.675317	3059.515111	
0.546011	3.621413	2.075468	3.333154	94.339348	1256.086268	
0.579923	-0.667028	6.457846	-5.653779	94.728865	1393.533236	
0.550297	-4.028595	-3.656572	3.266200	94.789684	1259.611554	
0.447524	-4.656166	4.378056	0.564142	99.371084	3329.859782	
0.625459	-3.815786	6.365261	5.293315	93.315855	1477.906237	
0.607786	1.593840	-3.063909	1.491067	95.466266	1357.525078	
0.573723	-7.562829	-2.935185	3.657696	94.173393	1362.714059	
0.487178	-1.119329	1.111056	6.700906	95.516458	2048.862623	
0.604255	3.490539	6.552260	5.475226	94.962628	3262.018324	
0.533921	4.598410	5.528003	4.351978	94.738116	2612.468262	
0.566104	7.210224	4.321898	2.927491	94.979582	2242.653784	
0.688836	-6.166981	1.486628	6.153721	95.150680	5261.458716	
0.685446	-0.146113	-9.873207	-1.790847	93.947536	2138.073428	
0.504320	4.318981	3.519188	-1.325758	95.171094	1627.015769	
0.582686	2.621117	1.713021	4.433123	96.233571	3598.261821	
0.536593	-0.324146	-3.993461	3.687788	97.286131	2152.549233	
0.615384	-4.808091	5.478004	-0.830117	96.042834	1870.168615	
0.651505	-1.521083	6.385318	3.693595	93.343082	2389.240537	
0.619042	7.892926	3.042837	-4.390090	93.446115	1490.508431	
0.536106	-5.554896	0.797518	-6.927006	96.983296	3573.155705	
0.602140	-2.234621	-7.140543	-3.485343	94.396018	1418.114424	
0.529627	-2.774229	-7.611258	-1.294618	94.868368	1267.347221	
0.690177	1.718802	8.376411	1.003189	93.669018	1590.461214	
0.615050	-4.032898	-3.620089	7.100192	93.935195	1950.839814	
0.530871	-8.701463	-2.309015	-3.577506	93.484172	1286.070571	
0.484090	8.236332	-2.480522	0.555756	94.586691	1200.000965	
0.559734	1.635424	-6.193704	6.382996	94.042412	1346.746418	
0.643774	3.039842	-8.047038	-5.065744	96.044117	3394.867527	
0.591092	-0.006599	1.163932	0.590433	95.147459	1298.322855	
0.559272	4.571341	-4.692802	-0.507518	94.256291	1293.227749	
0.564468	4.195886	-1.120164	-7.244252	94.500734	2698.438014	
0.678672	-5.411985	-2.414142	-7.280528	95.902194	5724.729372	
0.540715	8.626280	-4.336808	-1.248096	94.673590	2215.125889	
0.655604	-0.029696	8.684184	-3.591144	96.991781	5204.697836	
0.591774	-0.195095	6.927200	3.016240	95.139878	1364.636909	
0.520349	4.467426	-6.305512	-2.313904	94.194602	1252.442283	
0.679680	-2.062048	-9.014966	1.193512	94.698355	2500.857003	
0.605305	-5.156023	3.548430	-4.819458	93.686759	1888.178492	
0.511507	0.112359	-7.638684	0.148124	95.501596	2089.062139	
0.569648	6.090799	-1.753602	-0.965012	95.350685	1312.066667	
0.722756	6.441084	-1.636290	3.902159	93.303414	2087.006586	
0.511880	-2.633929	1.135908	-5.478292	95.567080	1188.166053	
0.666700	-1.265930	-4.334598	8.601824	95.623425	2973.831361	
0.521891	2.430951	-7.089686	-6.003784	93.121654	1272.339637	
0.554437	-2.788440	2.604025	-1.228919	96.328336	2617.501445	
0.524704	7.552699	3.532238	3.104039	95.704150	1236.195868	
0.530660	-2.387882	1.500903	6.923762	96.845267	3102.831792	
0.616622	8.514302	2.989743	-3.349086	95.112578	2394.808664	
0.637001	-9.128998	-3.540099	-2.448115	93.813413	1976.788513	
0.583002	-0.959896	7.616949	-3.954504	93.222644	1411.474778	
0.622787	4.403597	2.327474	-3.046218	95.458601	1861.359921	
0.621917	-8.456069	1.305994	0.780031	95.379212	1466.228765	
0.526383	6.933429	-3.640032	3.016308	90.850552	1278.146854	
0.614492	-7.897634	6.331454	0.161065	93.019228	1467.064495	
0.552673	-0.587633	-3.455211	6.131953	95.089027	1706.312278	
0.570536	-3.497397	-3.070405	1.820169	95.619754	1727.046890	
0.534752	-0.130595	-2.915206	2.443432	96.246139	2106.658668	
0.524217	2.270566	-3.497032	4.536628	96.955943	3487.660531	
0.507092	-3.445795	7.003547	2.399975	93.362891	1223.952159	
0.547584	-0.470422	-0.599469	5.173405	95.283048	1245.062844	
0.538376	6.673027	-1.692395	-0.541218	96.353021	2172.412797	
0.466236	-4.071000	-1.613774	0.489559	96.707757	1056.125318	
0.633609	1.108321	-6.622221	5.074048	93.614950	1472.620420	
0.597214	7.320414	-0.764679	-2.888159	93.896478	1409.736866	
0.484810	7.971659	-5.358362	-3.256774	95.750988	1223.826677	
0.533698	-3.135875	-6.505856	-0.145560	95.911747	3062.508630	
0.639328	-7.817089	3.983816	4.538783	95.688771	6517.922294	
0.587499	-8.193529	1.879737	3.099060	94.779647	1842.764069	
0.578767	-3.928096	3.766993	-6.247080	94.550312	1367.015555	
0.550298	-1.729798	-6.374078	3.929239	96.010808	2239.578892	
0.647816	1.673855	2.846193	-3.571468	95.161305	2347.536764	
0.490663	-1.152617	0.946889	5.285181	94.523983	2044.707655	
0.613086	-2.807614	-0.047498	8.054237	94.062608	1431.858031	
0.626216	-3.826093	3.186302	8.172724	94.543875	3744.232814	
0.602696	-0.332203	7.570090	-0.631468	95.432314	1828.634844	
0.570281	5.784408	6.899345	-2.046412	94.852435	1357.553581	
0.597969	1.102807	6.495622	-5.616856	94.244025	1407.888882	
0.555291	0.265584	-1.762184	-2.822414	98.243727	1686.944933	
0.552744	1.135844	2.531475	-2.432079	95.295900	3521.836830	
0.522672	1.709875	-6.756496	-2.579489	94.979984	1668.535361	
0.553418	4.852605	7.641374	4.197065	94.044636	1778.842993	
0.621629	4.542415	7.184142	4.073103	91.968488	1459.870816	
0.526490	2.512873	0.904379	3.988645	98.731996	4382.802397	
0.627708	8.422314	-4.162809	3.895590	94.743511	1545.048414	
0.600343	0.464296	-0.422015	-8.778629	96.159690	2328.983005	
0.594672	3.626266	-4.865961	-0.377755	94.068020	1333.660142	
0.496160	-6.361324	0.005024	-3.070722	97.065730	3918.532677	
0.602639	4.155044	4.575980	7.748869	93.364746	1452.078554	
0.495495	-3.740477	5.288973	-3.573508	100.406417	4801.017318	
0.558398	3.609232	-0.375989	9.125345	93.634914	1354.453052	
0.525279	5.117300	3.573303	2.415583	96.170722	1683.189308	
0.563393	0.571078	-3.187586	-2.287293	94.729377	1269.605324	
0.554469	-7.232230	-4.496870	0.437946	96.332648	2658.471724	
0.485389	2.837495	7.053719	2.703196	95.426711	1144.502571	
0.525680	0.090015	1.991688	-7.546040	95.372302	1256.614343	
0.543124	5.778936	-1.067692	-0.829840	95.066216	1244.680992	
0.534316	6.626227	2.106181	5.391167	96.476042	2631.976328	
0.588674	-1.052772	-6.110652	-1.965075	96.496940	3197.788886	
0.527823	7.771308	5.399009	-0.605074	94.340318	1287.459149	
0.532891	0.032311	0.529537	9.323171	93.327273	1279.436148	
0.515446	0.654398	-3.241469	1.127485	96.991449	1613.278907	
0.605881	7.347559	6.817650	-1.769645	92.316143	1481.082633	
0.591154	-5.058262	-3.174698	-0.877406	95.918832	1361.752743	
0.666256	0.375623	2.822010	-8.737366	95.248870	2934.027677	
0.631523	-7.101985	4.907921	0.855648	96.669022	9228.543151	
0.551419	4.549948	-3.571263	-5.954568	93.497014	1318.400683	
0.596500	-2.887113	0.494676	7.871580	92.576546	1420.881122	
0.580045	-2.211319	0.469738	-8.922761	93.498855	1366.325017	
0.537054	5.459329	7.193845	-0.048274	95.725833	4477.352589	
0.615889	-3.043412	7.149733	4.280785	94.534772	1457.170483	
0.477240	5.470841	-2.137570	-6.273458	97.306976	3434.009097	
0.618942	1.428606	-6.625331	-5.789618	95.046942	3268.565538	
0.544017	5.869464	-5.916216	3.561270	94.981746	2226.430447	
0.514715	0.194806	-6.056625	-5.505449	93.662230	1215.890076	
0.498019	-3.196361	6.740543	-2.122011	92.925357	1215.066808	
0.616081	4.344782	-5.734879	-5.733336	94.704783	1927.054403	
0.570055	2.444566	-5.447180	2.264338	97.907681	2198.166077	
0.633296	0.212192	-2.551486	-8.275113	94.432784	1455.818391	
0.594896	4.992577	-2.319941	-1.675263	95.230592	1800.145070	
0.583240	0.037868	0.549857	8.295677	95.070909	2741.632335	
0.671253	1.759733	-4.632874	-5.953200	97.274495	3836.522443	
0.638554	1.702394	-7.997297	3.838448	95.156710	2850.099475	
0.590848	8.197877	0.208027	3.202876	94.879952	2764.969666	
0.535748	-4.580028	-4.629601	0.065895	96.042355	1676.132545	
0.513593	2.292950	-4.771537	-4.960287	96.282760	1242.996873	
0.601833	-0.133562	0.595146	-9.235288	94.372305	1894.489469	
0.561485	4.369936	2.993865	3.058224	95.571644	1270.857654	
0.588834	-5.823145	3.473928	5.780063	95.272149	2774.749367	
0.532031	7.660783	-0.836781	1.401913	92.237249	1237.108343	
0.584827	3.274599	-6.096843	-1.162225	93.593001	1390.805334	
0.570198	4.672412	6.561485	-2.742455	95.700353	1368.901621	
0.567298	6.091339	0.886779	-6.864427	92.570339	1348.819060	
0.626365	-6.460150	1.749757	7.745539	94.490147	1475.755852	
0.666561	-5.819995	1.090677	-8.015618	92.616866	1580.564600	
0.508620	-6.212495	-2.917986	-3.216725	93.510098	1665.906887	
0.559193	-4.117827	-1.746774	6.483946	93.085848	1303.704334	
0.650346	3.245356	-8.046792	-4.111401	94.848325	2420.686708	
0.536308	1.923817	-8.667011	-0.062729	96.372910	3111.573312	
0.533782	-3.683869	-3.788822	-0.452000	95.948668	1681.648033	
0.534073	-2.323075	-2.885322	-5.890596	95.883073	1262.498792	
0.588032	0.404084	0.651337	2.007885	95.631796	1293.169381	
0.670935	-3.728498	0.018224	3.380408	95.207392	2393.537469	
0.604933	-0.379532	3.294750	8.450448	94.358521	1442.280639	
0.580371	6.267480	7.164841	4.357629	93.258217	1431.813124	
0.525366	-1.519987	-0.027255	-7.926540	95.967718	2617.271583	
0.565270	-2.684264	-1.522181	0.414832	97.534888	5810.361303	
0.631081	-4.713507	1.875641	8.229934	93.499521	1532.414353	
0.516471	4.378814	6.410337	0.994262	94.244058	1694.358528	
0.495752	5.253000	-0.233466	-1.009518	93.853975	1124.319500	
0.488058	1.237221	1.682678	-5.759846	96.221755	2943.524304	
0.554082	-0.795471	-8.219426	1.205305	95.763294	1754.829339	
0.602679	1.759192	-4.047008	6.495806	95.322774	1868.478323	
0.612343	-3.852819	-0.381098	-5.930850	94.595700	1382.812971	
0.637315	3.117423	6.706076	-2.639224	93.750145	2834.136829	
0.555906	-2.035429	-4.171852	-5.708683	94.810861	1299.399479	
0.628085	-0.752278	-4.338815	3.710595	94.547332	1411.705993	
0.645728	4.686335	8.145677	-1.326279	93.892610	1989.916195	
0.661094	7.214898	1.546745	-6.961239	92.730031	1583.010120	
0.580017	-9.028066	-3.640783	0.851747	92.735405	1413.163755	
0.577039	-3.299234	-3.445149	-6.383096	92.973386	1369.296817	
0.541550	-6.572194	-2.725432	-1.297539	94.555609	1709.520917	
0.533968	2.176121	3.232350	6.102852	96.629700	1701.670342	
0.617904	-0.870196	-5.880058	-5.139755	96.180568	1443.433406	
0.628524	5.956927	-5.835263	2.262034	95.670125	1515.739064	
0.613667	2.879570	7.524672	2.523516	93.472706	1908.295595	
0.507527	7.080049	-1.508311	-2.467702	94.455680	2107.993610	
0.563915	7.040618	-3.951232	3.565457	94.486508	1756.346765	
0.486631	2.618973	4.120985	-5.668890	95.810725	2087.143779	
0.578629	-2.509942	7.713241	1.610503	93.825107	2281.779759	
0.522652	-6.420248	-6.000317	1.947389	96.073043	1717.486786	
0.475201	0.160177	0.391448	7.760604	94.362024	2038.429153	
0.519004	-1.211093	-4.065294	-5.778817	95.709252	3076.638927	
0.575672	-0.347522	3.805962	-7.329764	95.413103	3627.952809	
0.535702	-3.286732	-9.243428	-2.462504	94.330890	1791.157380	
0.588995	-3.553812	-1.547177	4.021668	96.500010	4993.313961	
0.533078	5.758946	2.833170	7.144070	96.253389	5859.551625	
0.555699	5.535173	-1.986156	6.648630	94.714235	1361.624829	
0.564893	-1.112633	-6.559038	-6.022178	92.772415	1369.498598	
0.540773	2.902394	3.654949	-6.546564	93.155321	1752.453774	
0.539929	-2.755151	-5.624174	2.654277	95.661725	1708.632695	
0.568465	1.174751	5.156981	-7.277878	93.695486	1401.174285	
0.572342	-6.139389	-2.740735	3.899197	95.963725	1330.175620	
0.590662	-1.097400	8.554684	-0.191741	96.354302	3684.280714	
0.471920	-5.514840	-3.562272	2.649498	95.921787	1564.999172	
0.572464	3.870259	-4.662275	6.625609	93.128418	1833.489788	
0.660199	6.225424	5.903588	-2.929574	93.701878	2017.031674	
0.757325	7.672199	4.990729	1.845985	95.284700	3149.449387	
0.487449	-0.990337	6.808493	3.966372	96.585170	4359.528858	
0.546080	5.735591	-1.849495	-6.117746	94.729267	1733.892897	
0.552522	0.779631	-1.255031	-4.001603	97.436420	2144.963761	
0.577509	-5.830564	-0.705392	-7.168796	94.231541	1821.812422	
0.528514	-2.599722	5.602282	6.142053	95.126406	1275.198594	
0.493036	-3.847503	6.376166	-2.407093	94.903287	1641.218429	
0.566444	8.119332	2.282596	1.073663	96.953984	2721.268570	
0.657532	4.591784	-8.319698	-2.680398	92.809274	1574.976737	
0.551457	-3.561739	-2.306047	3.651906	96.556535	2158.043204	
0.547063	5.215673	-5.652534	-2.524859	94.448241	2195.633027	
0.611769	7.398961	2.678016	-1.183724	94.682732	2349.188660	
0.591382	-5.048868	2.659942	-8.303654	94.703514	1456.883962	
0.570619	8.112015	-1.947842	-3.001828	95.074632	2291.614742	
0.579002	-4.547479	-0.318657	2.034572	95.949680	1302.891463	
0.483079	-4.461846	-0.434208	4.744134	94.880556	1132.622493	
0.466976	-2.173033	1.668879	5.528743	95.277146	1080.416682	
0.544850	5.338162	5.080980	-1.534172	92.905466	1312.088841	
0.621049	-8.439668	0.467485	0.118188	96.348977	5088.202333	
0.464702	5.474200	-2.836199	-1.466811	95.837274	1119.927409	
0.642984	-2.667133	-1.505482	-7.803811	93.964064	3334.428960	
0.598832	-7.270184	2.193642	0.244302	97.911459	6848.524910	
0.527162	-5.466842	-4.258135	-2.588519	96.033101	1660.434737	
0.569146	3.738174	3.482019	3.442062	94.944021	1740.573306	
0.610747	-0.527104	7.728298	-6.548153	95.188077	2392.218415	
0.580202	-4.194897	7.683474	1.841302	94.193363	1391.834349	
0.616416	7.370420	-2.167436	-2.628091	95.379071	1469.146398	
0.581785	2.340715	-0.499557	-8.979619	96.544891	4150.553616	
0.636641	-1.110252	-4.002658	7.978129	92.908233	1495.625195	
0.652230	-6.569107	5.946380	-4.195448	93.229726	1549.387033	
0.679886	-7.502444	-3.148443	-4.831430	94.134110	1586.260676	
0.506237	2.835690	0.465896	-4.292437	96.680794	1590.735343	
0.660721	6.236313	6.469154	-4.972080	94.456837	1589.059415	
0.558751	-1.214097	0.594322	-4.769664	96.744272	2175.953972	
0.501632	-7.189491	-0.832235	0.011475	95.816159	2101.885030	
0.475601	-5.345930	5.324513	-2.491297	96.641391	1583.746205	
0.526180	-5.462160	6.639060	-0.486263	96.622491	3076.397672	
0.526693	0.478869	-6.218502	-3.528766	94.126531	1237.438854	
0.521181	6.113214	1.155856	-1.432304	96.086923	1202.912153	
0.563931	4.771480	-3.121388	-5.344956	94.709975	1769.574337	
0.575468	-3.451391	4.835491	-2.062201	96.208826	3599.040162	
0.630147	-2.638840	6.828423	-3.270876	93.399055	1477.313386	
0.584515	1.344700	2.420759	5.616129	94.425126	1354.774342	
0.487638	-2.167464	0.095241	-0.274838	95.869595	1564.867137	
0.616396	-6.267021	-7.607813	1.985038	95.976638	3768.320017	
0.593024	4.968179	5.923419	-3.574360	93.538044	1440.239908	
0.493506	8.196468	2.080565	2.934193	93.448366	1629.147836	
0.592640	2.546606	-4.204745	8.583361	92.340098	1431.490915	
0.647339	-6.483478	-2.890729	0.302839	95.491931	6046.010528	
0.506827	7.153623	-0.004797	-2.008988	96.059439	2090.870063	
0.553426	-7.394342	1.174040	3.283723	95.322160	1293.183351	
0.601474	-0.494636	-4.801083	-7.441718	96.475048	5092.627643	
0.554640	-0.451726	0.711718	9.145035	95.235228	1331.608131	
0.677367	7.668371	0.735010	3.618329	93.976774	2046.170561	
0.485379	-4.355273	-0.957013	-4.496917	96.508774	1116.420141	
0.516214	6.765038	-1.956181	-0.378322	95.461070	1213.076877	
0.585177	-0.699407	-6.866281	4.679023	94.030406	1824.475241	
0.531125	6.012571	2.876681	1.582035	95.037583	1231.185060	
0.566714	7.280420	-1.256826	-1.934642	96.631186	3589.173957	
0.579742	-4.344282	1.542219	-3.813684	95.509890	2227.901123	
0.569398	-7.455422	1.685579	0.995676	95.097481	1791.892438	
0.508374	4.424993	2.389457	4.959320	95.632832	2112.593486	
0.564465	-8.050610	3.525208	-0.289994	94.581889	1808.673044	
0.568745	-5.186266	-1.322726	7.213371	95.494980	2698.548327	
0.611916	3.249028	-2.782315	-8.017250	93.917759	1931.901175	
0.552854	-3.167365	6.143975	4.429470	94.794675	1781.617554	
0.530402	-4.714736	-1.408719	-6.818963	94.396579	1742.101730	
0.575856	-1.418927	-2.488481	-3.989111	95.032857	1291.915261	
0.589399	3.882125	-4.322002	-5.060442	94.927333	1355.018695	
0.651633	0.561155	3.513724	8.608747	93.022213	1558.589149	
0.556554	-5.729732	1.031354	2.849926	96.000180	1737.835142	
0.555094	-7.090249	-2.041543	0.219774	96.273484	2190.676941	
0.587717	-0.774563	6.972295	4.258293	95.963359	2714.790001	
0.491079	3.167380	1.540547	1.733868	97.361488	3422.230971	
0.533289	-6.105654	4.720444	-5.379742	96.716777	2195.364904	
0.532116	-0.933781	-9.036554	0.323643	94.782575	3094.957237	
0.573701	0.218753	-10.295972	-1.780046	95.659455	2346.575606	
0.580404	-4.192810	-6.726074	5.435390	94.755737	1427.741499	
0.583604	-7.828495	3.014095	2.613079	93.585212	2284.035136	
0.489035	1.745727	-9.104204	3.592482	94.358734	1199.618125	
0.623978	0.856653	4.258170	3.271597	95.313177	2749.031254	
0.555380	-5.894671	-1.824040	4.037767	95.795525	3558.074486	
0.521712	3.166581	-4.500676	3.758743	94.547087	1211.685658	
0.640917	-8.361644	3.147810	-1.650453	95.010046	2872.901080	
0.621551	6.817266	3.502444	-4.302314	92.571516	1465.893135	
0.545293	-6.673446	4.611184	3.900602	93.530674	1305.124344	
0.515383	3.460520	-0.881591	-2.010630	94.940870	1147.846601	
0.581324	0.987336	-3.902805	1.621243	96.092919	1302.399959	
0.620973	5.912723	0.813845	4.510547	95.623677	2314.561069	
0.493207	-1.871108	-6.262072	3.793007	95.801727	2094.320219	
0.537946	1.940581	-4.056723	8.043154	95.169050	1291.304777	
0.605135	8.651894	-2.249176	4.936215	94.872890	2379.586156	
0.623273	-1.315007	3.295020	-4.981421	95.060461	1861.114986	
0.556980	-7.625857	0.456138	-2.280046	93.536782	1317.371847	
0.530806	-6.581453	1.993058	7.303127	96.740049	1778.813220	
0.562639	9.327107	3.060430	-2.116297	93.189835	1375.564505	
0.569635	-0.136837	-6.117745	2.730049	91.174772	1318.670457	
0.645553	4.408730	6.226557	-3.031435	95.121787	1499.279070	
0.562382	0.917799	-7.048580	0.956848	94.649597	1305.125862	
0.556369	-3.133697	-1.979930	9.515812	93.447576	1334.482726	
0.535750	-3.805759	-2.818366	1.943259	98.847342	3482.639041	
0.564596	-7.683816	-4.324372	1.660637	96.773027	1806.805046	
0.468640	-2.012359	-1.044449	-3.415812	95.262601	1963.894607	
0.524477	3.802540	2.553682	4.559004	93.523686	1223.952441	
0.624599	1.949932	-5.629701	8.250975	92.901048	2432.397766	
0.593522	0.208655	4.657637	3.001316	95.119054	2248.135679	
0.509982	-3.690870	5.632955	1.615694	95.433285	1181.005514	
0.603046	-5.446241	5.275276	0.128746	94.253801	1358.641430	
0.565521	-2.263181	-7.686532	1.458837	95.292959	4091.638576	
0.716451	-7.079216	-2.364925	2.835532	94.020141	2095.164962	
0.490806	-4.483635	-5.195100	4.531033	94.176073	1168.989527	
0.551705	5.520197	-5.138763	6.655847	94.826826	1799.866362	
0.580303	3.102845	-7.686556	4.868556	94.801359	3231.863635	
0.562228	5.109243	-2.977156	3.051787	96.377028	2198.874093	
0.528877	2.324881	-5.909667	-5.618521	95.455261	1267.644179	
0.637885	-2.637798	-1.996563	8.662089	94.688272	1518.740826	
0.527082	-1.159676	0.824293	7.053771	94.864526	2155.420510	
0.648383	6.889702	0.060177	-1.488303	95.568717	3318.003615	
0.501671	-1.300015	7.898151	-3.427480	96.141026	2093.185710	
0.537237	1.657920	5.405879	0.979482	95.487475	1216.284918	
0.462687	-7.389408	-0.967842	-4.625896	94.227405	2015.743631	
0.597633	8.809928	-1.827075	1.809725	95.564969	1435.887003	
0.655356	6.642678	1.159107	-3.364250	92.086957	1507.729343	
0.580121	-4.247653	-3.811860	-2.548461	96.386353	1757.548271	
0.571542	1.678777	-0.903026	-0.099803	96.081563	2618.929640	
0.529448	-3.657477	0.414203	-2.512857	95.690177	1177.606952	
0.506718	6.837237	-4.900929	2.733314	94.517975	1666.951222	
0.621972	-5.910743	-5.888019	3.629234	95.085351	1952.790163	
0.522920	-0.108417	1.279867	-3.449237	98.215907	6174.701549	
0.544677	4.480898	-5.053437	1.936381	96.785887	2627.418820	
0.525978	3.300238	7.633999	-1.252385	93.729296	1714.909993	
0.551077	3.345118	-6.629443	1.754136	94.173278	1292.331909	
0.504529	-3.751999	2.411292	4.146736	95.117078	1155.235707	
0.644645	1.354136	-7.663575	1.192925	94.728589	2843.720208	
0.567916	0.930112	4.175935	-4.969157	94.083620	1303.967557	
0.480026	7.295484	-4.603962	2.808614	93.057411	1156.326918	
0.588403	6.009659	-3.044829	4.250713	94.561923	1414.819015	
0.569110	-5.042389	-5.095817	-2.887658	94.029410	1342.136640	
0.601029	-5.052324	-6.561017	0.650084	94.251689	2801.286142	
0.546098	-1.405595	7.673576	-5.711876	95.851471	2252.409245	
0.574814	-3.143026	-1.088747	5.763670	95.588495	3135.983172	
0.508886	2.960838	6.650963	-0.311189	95.003146	1184.088132	
0.624553	2.533310	7.691319	0.005590	95.732799	2378.553461	
0.578353	-4.582750	6.626806	0.594109	93.122638	1376.183493	
0.554961	-8.534620	-1.158082	4.228327	94.725465	3591.227719	
0.641586	-5.998569	-2.241474	-4.165805	92.180058	1496.952725	
0.654595	-5.498154	-3.700495	-6.740560	92.931655	2473.203334	
0.556642	-2.673896	-3.290586	0.259474	95.990497	1685.516495	
0.568838	-7.177748	1.697023	5.393007	96.002683	3194.872300	
0.467582	2.778303	0.238385	0.241432	94.906769	1063.002439	
0.532991	3.700764	4.690886	3.083415	95.450763	1244.544965	
1.319785	-11.407816	2.209939	-8.481277	25.681340	4897.353495	
0.631074	-7.034359	-2.887854	4.879071	95.347498	3323.347851	
0.572728	8.482984	1.531452	-3.472753	95.308468	4117.475843	
0.489972	1.019136	3.269877	6.058266	97.797393	1160.287969	
0.577984	0.716221	-2.933237	-7.342219	94.184938	2221.330651	
0.577369	2.600674	2.101411	-2.732482	97.021215	1288.511820	
0.520938	-1.202801	4.185620	0.929202	96.585744	1633.448853	
0.524274	-6.497155	5.103723	2.031765	94.516427	1263.218055	
0.646200	2.503772	-2.487060	-8.696212	93.369091	2888.994743	
0.586964	-0.175992	-7.752227	2.788480	94.411648	1875.851405	
0.620637	-6.662245	-4.233334	1.823809	95.609974	1488.093861	
0.548998	-0.714547	2.589777	-4.762335	96.502386	2156.168978	
0.572784	-6.113156	-5.316107	-4.193992	94.369591	1823.826251	
0.563242	-0.519530	6.110077	-7.559187	93.494732	1802.973420	
0.600063	-2.810069	-8.702187	5.215593	94.485908	1468.596362	
0.503318	3.673112	1.534332	3.717034	96.145126	1142.714300	
0.611856	-9.184586	-1.561825	3.880236	93.879643	1926.772174	
0.588529	-2.147462	5.981239	1.430613	95.011514	1349.575992	
0.429856	-0.539516	-0.041889	-0.645529	98.295492	1445.678484	
0.588502	-0.703270	-3.687724	1.422809	95.534113	1292.827585	
0.560442	0.167404	-1.538028	6.045237	96.156143	2659.739770	
0.521344	1.058329	4.842623	-4.505524	96.036978	2127.365575	
0.572484	-1.398218	-9.928117	-1.038764	92.689079	1403.519391	
0.586512	6.502248	1.107936	-2.070286	95.808387	1797.114189	
0.659286	9.105696	1.195827	-1.109802	93.623189	1596.972739	
0.464350	-0.421345	2.158277	1.322990	96.903901	1040.716033	
0.565738	0.026774	-2.248455	-2.062035	97.196468	2620.180850	
0.538690	3.372862	-5.613012	-4.440036	96.117461	1743.311521	
0.507748	-7.381134	0.722881	-1.799096	94.640252	2142.940751	
0.528074	-0.285496	-6.479550	5.528946	94.426648	1273.632781	
0.600670	0.648158	-2.006325	9.212457	96.313848	5058.197586	
0.725552	-2.721522	8.789188	1.191020	94.500646	1703.503315	
0.600096	2.467308	-7.620946	-1.551149	98.395801	7302.261439	
0.586832	-1.363752	-8.756549	1.502269	94.184823	3212.749753	
0.553214	7.598440	6.265279	-1.632306	95.930883	1369.335066	
0.580111	-5.788208	6.319653	1.867166	95.784043	2283.523201	
0.612970	-5.878929	-1.913190	-6.564077	92.759801	1434.477150	
0.534310	5.032229	0.290466	1.487368	95.274392	2130.006936	
0.646205	-5.043702	-2.502939	6.438836	96.186319	6048.984436	
0.435392	-0.641087	-0.086065	2.105065	98.084446	1442.175482	
0.555818	4.598813	-0.389405	-8.217911	93.644628	2684.451600	
0.562236	2.455894	3.522930	8.631571	94.746909	1325.189208	
0.600174	-0.810632	2.012417	-4.060343	94.986328	1354.857834	
0.699146	-7.000627	1.309835	6.197638	94.178442	1654.625112	
0.591692	-8.631590	-4.851131	1.615982	93.558069	2355.434879	
0.540294	-2.524079	-3.371251	8.067957	94.781503	1766.663081	
0.502688	1.891197	-0.767575	-5.139112	95.537645	1142.509112	
0.578021	-3.109131	-4.488144	5.070310	94.717952	1330.788897	
0.576715	5.179948	-4.048769	6.804430	93.146648	1398.527041	
0.607609	-2.629680	2.319490	-3.665535	96.255405	2709.365497	
0.551228	-5.710512	-5.143572	-1.614737	95.237861	1310.210627	
0.552238	4.142985	-2.226627	2.082802	95.552683	2157.172241	
0.577083	3.117037	-0.850487	-3.533976	94.687756	1313.933626	
0.511741	4.880081	0.105336	-4.753537	94.478897	1208.325090	
0.706330	-1.506918	10.052738	-1.599673	94.088275	1695.806875	
0.668698	-2.616446	-8.114623	-4.701896	93.117657	1586.033135	
0.543965	-0.451636	6.396729	7.377115	94.879689	1779.354415	
0.543727	1.851375	-7.652595	5.508155	96.378062	4051.196711	
0.542028	-1.004200	-1.811310	-3.400306	95.401742	2119.569626	
0.632828	-1.541832	-4.801309	-3.748650	94.589504	1896.008999	
0.641423	-3.153218	-3.047055	-7.207952	93.338103	1491.471372	
0.466880	-0.948602	1.815345	2.139078	96.509007	1055.736441	
0.500130	0.887778	7.770564	0.876927	95.909952	2559.337039	
0.495032	1.152588	-0.199756	0.141624	98.313088	1576.502196	
0.525444	-0.717257	-0.171742	-1.051608	94.776012	1165.646000	
0.637908	-1.700306	9.849679	-1.117686	92.551258	1984.044894	
0.561864	-6.454692	3.003278	4.736370	94.874938	1796.001757	
0.555342	-2.530914	0.525545	-0.159139	96.915076	2131.211209	
0.527975	-7.715625	-1.701020	2.542320	96.790080	4433.977158	
0.669859	-6.299603	-4.795308	-6.249507	92.458395	1629.279024	
0.470646	3.014140	-0.948888	-2.097757	96.408566	1058.365314	
0.510023	-0.010931	-4.232677	-2.131284	96.174973	2983.725883	
0.492897	-3.599167	1.402719	6.860425	93.931558	1207.442926	
0.500425	-5.759338	0.062047	-3.509643	93.530224	1178.851416	
0.578382	-5.153450	3.181399	-0.413212	97.412375	5446.983612	
0.567953	2.835217	-3.922700	-6.419821	92.752292	1350.419450	
0.645359	8.638371	0.941930	0.897828	94.921496	1511.442695	
0.549011	2.809213	-0.142071	2.265693	96.045976	1669.109784	
0.614655	-4.678878	-1.619152	7.256147	96.230651	1498.508730	
0.616439	4.461559	5.372571	-3.284595	96.230744	4176.674965	
0.599395	2.450968	-8.823227	1.397614	93.991718	1432.805509	
0.564795	6.300357	-7.272077	-4.265275	95.688159	1885.692112	
0.584964	1.296489	-0.245675	4.679131	95.714596	1747.397039	
0.502426	-7.887593	1.006835	-0.574819	94.501938	1202.722208	
0.636460	3.834377	3.905611	-7.517674	91.872661	1527.491889	
0.493485	-6.669950	1.657593	-1.089078	95.269344	2052.704705	
0.550595	5.749228	-0.341820	-4.694570	94.729382	1763.754124	
0.506385	-0.779807	-7.115790	0.610752	95.947479	1639.246531	
0.530312	7.688740	-3.664352	-2.204357	93.814233	1291.236699	
0.467108	-2.066436	2.347274	2.957710	95.354039	1069.933644	
0.610085	-3.205729	7.346759	-4.368715	94.173079	1448.330780	
0.649079	5.299656	-3.532477	7.082391	95.883080	2001.347959	
0.528244	2.018885	-3.541986	-0.223499	96.641448	3000.778162	
0.586894	1.802723	-4.804720	1.677693	96.964786	2691.886665	
0.613670	0.262587	-1.842135	2.342864	96.952099	2711.321359	
0.525258	5.316046	1.734951	-2.332800	96.116909	3035.603240	
0.564819	5.757394	1.882316	1.156862	95.290505	4492.335258	
0.515114	-4.829192	3.511357	2.680603	94.346650	1646.534484	
0.662139	-0.373172	9.243235	-5.122232	94.044878	1606.522170	
0.553197	-4.342627	-0.330176	5.834884	97.600403	1733.059193	
0.488621	2.338270	0.066726	-5.987721	95.166532	1143.143082	
0.591238	-4.695011	2.644920	6.737719	95.257761	2304.158152	
0.607664	-4.948280	7.888591	3.580570	94.307835	1464.091790	
0.470304	0.013802	-2.029227	-5.910146	96.628555	3391.064113	
0.514546	5.505986	-2.046844	-0.707529	94.673368	1642.851331	
0.493892	-3.994460	3.017109	-2.382891	95.848142	1138.920661	
0.540039	-2.177256	5.996889	-3.623295	94.901643	1278.803489	
0.609082	-1.251416	3.507853	-6.253662	95.592466	1845.811662	
0.551746	8.384192	-2.692749	-0.990797	94.233681	1769.481352	
0.599322	7.068658	1.768853	2.070233	93.704533	1386.163151	
0.556625	-6.908890	-6.760919	0.470307	93.133237	1356.293465	
0.622126	-6.165594	6.668116	-0.313766	95.965085	3325.778120	
0.577269	-6.850666	7.162702	-1.555580	93.931114	1412.667374	
0.672835	-4.913670	5.600843	-2.970832	98.383736	5192.832667	
0.516675	-4.740997	-0.059261	8.049783	94.610536	1285.804547	
0.670938	8.360120	1.372512	4.024312	94.168640	2924.908735	
0.542612	5.151497	1.805311	8.193293	96.020634	2679.588704	
0.564918	-6.751949	-6.103197	-1.950065	92.174312	1336.630306	
0.654654	1.166172	1.207249	8.042560	94.677428	1536.953830	
0.519321	0.119518	0.641533	9.048451	94.918335	2151.223327	
0.492183	-1.804017	-0.829860	-0.797449	96.174870	1550.361300	
0.662232	1.324199	-2.739160	-9.697053	91.966854	1593.636727	
0.512676	5.170713	0.926707	0.894219	95.713374	2095.934077	
0.632366	5.776362	-1.216838	-7.933399	92.778701	1564.694204	
0.626664	-5.959666	8.156916	1.446722	92.503416	1540.091733	
0.545344	2.338778	-6.788499	-0.963114	97.375092	3548.419526	
0.558929	4.951499	-7.496728	3.325434	95.662681	1825.782552	
0.591208	6.865031	-5.751013	-0.256933	93.961800	1424.932920	
0.636078	8.705321	-0.201554	-4.003840	94.959804	3360.340543	
0.569722	-1.545731	-3.785814	-7.753957	93.466091	1366.037919	
0.516135	4.712727	2.939706	-1.595789	94.219000	1199.783219	
0.537566	2.964937	-0.076626	2.678969	94.682602	1215.391121	
0.505448	0.302298	-4.951194	3.967237	95.728590	1191.445966	
0.607975	1.243217	5.424152	5.709664	94.008375	1399.363825	
0.622909	-4.968341	-0.468609	-4.010940	97.511867	6426.742997	
0.520491	-2.938832	3.241612	-6.807994	94.401230	1694.923976	
0.562650	5.447834	-0.778468	-5.958386	95.468312	2206.928916	
0.558086	-6.394322	-2.372224	5.773938	93.958265	2221.194771	
0.520916	6.072939	-3.676570	5.376851	94.643743	1280.380274	
0.653481	4.930278	8.445147	-2.173045	93.141357	2905.349513	
0.686771	3.162711	-7.257096	4.965901	94.380373	1607.453755	
0.517893	-2.176850	8.143765	3.306080	94.743093	1723.805225	
0.584623	-4.756652	9.136473	-0.296211	92.570738	1437.067571	
0.441207	6.015457	-0.152198	3.530752	96.825321	1494.563935	
0.638951	-6.514553	-1.091535	7.563069	92.276166	1559.967303	
0.568357	8.254473	-5.872407	1.511583	93.253925	1870.146586	
0.570106	-1.092243	-8.256371	3.594612	94.218887	1351.079392	
0.667374	-2.630993	-0.916923	7.657564	95.664219	2003.517540	
0.615183	-3.800419	-5.431417	3.181814	93.721701	1382.363495	
0.652516	4.252210	6.271182	6.001618	94.755603	3867.150308	
0.547545	-7.350481	3.768679	-0.581651	95.870267	2208.644951	
0.609388	-8.910305	-1.299354	2.932889	93.972065	3253.808172	
0.717512	5.949547	-7.208451	-1.266925	90.809506	1699.887010	
0.541897	5.103596	1.804293	6.699297	94.455413	1295.631819	
0.598779	6.061000	7.447537	-3.762345	93.332080	1438.483354	
0.546032	1.051994	4.089868	-2.555023	93.461954	1675.954434	
0.536670	-7.909727	0.395406	-1.267067	93.702321	1258.702265	
0.568459	-5.172580	0.828574	7.531488	94.070275	1346.007182	
0.552154	5.553323	-2.427336	-5.283461	93.115593	1312.840110	
0.549274	-1.799666	1.926720	7.333713	96.921642	2204.205004	
0.589824	2.540083	-3.350573	5.245083	96.779585	3623.378161	
0.576585	3.729696	7.013396	-4.820718	97.407234	4571.410677	
0.638517	-5.358315	-5.456070	-4.505825	94.891709	1490.209412	
0.630006	-9.186287	-1.887470	1.688171	93.950350	1496.329993	
0.480941	2.553612	2.563820	-6.383258	93.109178	1116.915121	
0.530107	-2.422142	-4.332774	-3.377570	95.534157	1242.849776	
0.525976	0.408751	1.374015	3.574932	96.390941	1170.715606	
0.574289	0.046275	1.877010	1.303413	98.566991	3100.099250	
0.616258	-5.538591	4.689154	-3.201937	93.674901	1424.661604	
0.577124	-4.745499	1.930596	8.327187	95.247711	1864.816221	
0.555533	0.599542	-8.619030	0.718520	93.513071	1303.812532	
0.502791	6.294932	-0.321593	4.438703	97.624852	2112.465150	
0.595307	3.171416	4.904510	-6.325249	93.570069	1394.638316	
0.563903	-5.590173	7.579224	1.392758	95.202347	3179.900403	
0.578821	-4.821640	-2.305383	0.583034	95.610652	1287.005512	
0.598880	5.907088	5.708907	0.290937	95.406424	5503.051679	
0.554143	-2.634939	-8.614498	-3.426291	92.610073	1361.472845	
0.662032	5.314201	2.231305	-4.964112	95.163554	2417.193913	
0.611361	-4.259101	-8.297521	-1.998195	93.312346	1913.209355	
0.531452	-0.463091	2.542352	-9.206338	95.729722	2187.979387	
0.547139	-1.536343	6.048887	-3.964080	98.541764	2646.536463	
0.532404	4.551058	2.731763	3.699904	95.895442	1223.310636	
0.515995	-0.821888	-0.128768	-2.540174	96.251553	2521.974149	
0.590695	4.982799	-2.225291	-3.289167	94.930905	1806.959177	
0.546753	-5.760288	5.606519	3.415780	93.254016	1304.254201	
0.554899	0.751379	-6.213685	-7.511385	93.691701	1778.123753	
0.623861	-5.738400	1.456236	5.310379	94.626595	1888.236189	
0.557165	3.116980	-0.801417	-3.944794	95.712828	1719.824702	
0.572830	-5.444492	1.490594	2.521406	95.966468	2667.583545	
0.549865	-5.799983	-0.406023	-6.042692	93.983843	1775.215653	
0.673365	3.763670	4.142447	-8.418123	93.084934	2533.607796	
0.509007	2.204458	1.474979	3.483659	97.091489	1166.132987	
0.526481	-7.127827	-1.325709	-5.660650	94.248609	1286.563680	
0.571615	-2.480046	-1.246539	2.056014	94.158712	1284.564592	
0.469561	-0.340308	0.361347	-4.537136	96.136837	1521.499856	
0.577376	-7.514112	-3.332945	5.761184	93.901748	1415.524902	
0.572307	0.909642	0.699897	-1.276966	93.720584	1256.834905	
0.629213	-2.882678	-6.282778	-6.413464	93.542339	1523.147737	
0.604359	-2.625851	6.002296	3.199422	95.677581	2308.248032	
0.542596	-4.654364	-4.546126	4.888230	93.385687	1292.683000	
0.709365	-2.795657	5.605268	5.193635	93.309810	2093.553706	
0.521927	-0.290489	-6.304872	5.260619	97.280249	2129.548258	
0.553567	0.878948	6.883168	3.879313	95.302536	2645.633704	
0.612869	-4.939441	6.857003	-2.574065	94.802351	1902.255833	
0.538994	3.849717	2.939862	1.913402	96.324022	2135.646379	
0.632630	4.893304	5.276522	0.964065	93.922981	1422.037915	
0.570925	2.628065	1.747028	-3.849708	96.135900	2215.595938	
0.552375	-8.015510	-1.769434	1.949896	94.532542	1774.416467	
0.574566	2.498971	-4.512351	1.547165	95.161095	1309.453065	
0.494297	-1.286692	4.874301	-4.733219	95.314145	1153.336945	
0.505848	2.412486	-3.008920	8.712252	94.058747	1233.180213	
0.746571	4.716243	2.532805	7.177555	95.848874	3129.190653	
0.581839	1.914290	-6.945645	-1.870407	95.762383	3176.688668	
0.542622	0.345421	-2.458544	4.196800	95.641481	3071.968087	
0.580555	2.272693	4.571899	1.114343	93.507209	1325.567158	
0.540848	2.057024	8.180317	-0.183183	94.847420	1266.447749	
0.654130	0.065922	-2.314687	-9.393829	95.968817	2904.875482	
0.619792	4.830391	-0.795982	-7.426510	94.797340	4152.289008	
0.607462	3.872982	-2.556536	-0.655128	95.309112	2708.605678	
0.590750	-1.782797	-3.359520	7.131380	96.450306	3200.377040	
0.603111	0.725930	-2.380004	5.572678	94.236094	1376.988760	
0.620608	-7.557193	5.432415	-2.398363	95.367606	4687.300340	
0.563185	-9.018055	-0.625961	-0.008403	94.890448	2262.710579	
0.625023	-0.417272	7.324507	-6.182740	93.628867	1501.972603	
0.521005	1.998708	-5.514748	-4.756166	95.235916	2109.947637	
0.558294	5.459504	0.113237	-1.664523	95.805691	2173.709810	
0.671305	-4.183720	5.625442	4.393920	95.590459	3351.929844	
0.563368	4.431335	1.816895	-2.973260	96.224661	2646.738455	
0.555770	6.564205	-4.394806	-4.000956	93.966742	1342.408600	
0.600061	4.828317	3.794179	-6.925912	93.411202	1432.639844	
0.543333	4.847760	6.724322	-0.433896	95.478537	3566.313957	
0.551808	1.235619	-4.486742	2.284274	95.135172	3529.386457	
0.711990	2.924915	-5.314283	5.978299	93.741091	2098.560890	
0.667651	1.142419	3.085018	-9.676470	94.062428	1586.232472	
0.636625	6.582582	-5.728670	-4.840520	93.614542	2032.166067	
0.507428	-1.165933	-0.752549	-7.854686	96.835205	1215.692792	
0.525975	0.337376	-2.418283	3.638889	96.266262	2129.911675	
0.537925	-8.804994	2.942207	-1.145630	93.729365	2670.275212	
0.579450	-0.595669	-8.956343	-0.281610	94.481270	2755.611636	
0.546237	5.027191	3.101930	-1.146103	94.034883	1244.616436	
0.476434	-8.657166	-0.412873	2.652067	96.767762	1180.416607	
0.633629	-2.245061	-9.212439	2.539666	93.625148	2455.870191	
0.516179	-4.950965	6.825190	1.300936	92.225484	1238.780854	
0.523048	-1.544614	3.165687	5.566298	93.682195	1215.820382	
0.609440	-0.569189	3.643264	5.354932	99.375220	6841.661963	
0.614393	-8.403302	-2.371762	4.872025	92.621895	1445.671049	
0.541010	-1.299313	0.567364	-2.477667	96.955834	1654.208469	
0.513169	-2.473840	2.913614	-5.135961	94.262352	1185.188511	
0.538696	1.683679	5.326767	-5.274139	94.832543	1743.452911	
0.559626	-0.605917	-8.394141	5.158854	94.736412	1355.712008	
0.496926	-3.566380	0.454033	-3.830303	97.389170	2965.496050	
0.527984	3.258162	0.044827	-8.365418	97.726783	2644.580421	
0.675188	-3.765485	-1.129635	-1.723708	96.290913	4235.518905	
0.581746	-4.158594	0.845192	-5.866847	95.163865	2229.140223	
0.653504	-1.355111	9.733148	-1.938675	92.955941	2496.017905	
0.606911	5.668368	-0.670578	3.402504	94.932632	1397.522986	
0.547098	-4.997513	2.188178	5.695921	94.367476	2214.700578	
0.607142	4.134785	5.205513	-7.674828	91.857858	1498.181207	
0.659967	4.199318	-2.162155	8.137998	91.514693	1560.568417	
0.579855	3.553597	-3.735149	7.981874	94.762313	1832.027502	
0.576627	-0.181740	8.554288	0.426351	94.838177	1829.515724	
0.655531	6.648024	-1.738432	6.433689	92.952993	1573.799701	
0.541355	2.009996	-3.502895	-0.213985	93.209095	1664.745047	
0.636799	-4.164532	2.962050	7.937335	93.424586	1499.899182	
0.562299	6.327084	-2.940895	3.698109	93.079244	1322.118980	
0.573940	0.514076	-5.038593	-4.777704	93.240852	1327.268704	
0.635693	0.691268	-7.361262	-5.130925	94.982662	2861.266809	
0.530402	-1.252382	-4.257098	-5.317956	93.586646	1233.061475	
0.496003	4.696921	1.639781	6.152814	96.801443	5746.794863	
0.539688	-6.995131	-0.657839	6.068297	95.310107	1779.389435	
0.566983	7.067791	5.292039	1.930577	95.121469	1793.021920	
0.578478	-3.509169	-7.458456	0.759249	96.121045	1334.049283	
0.601712	6.152110	-5.517642	-5.509273	94.353986	1463.565892	
0.612233	-2.492652	-2.328908	-5.315150	94.925197	1853.275332	
0.613546	-1.981373	7.817507	-0.076960	93.504336	1877.283721	
0.601223	4.600585	8.541583	1.379559	92.620215	1451.852498	
0.515044	-1.968334	-2.620676	1.375386	96.137686	1124.464222	
0.643759	-3.769377	-5.776747	-3.904611	96.549541	3784.710754	
0.536202	4.746561	6.344392	-1.409246	97.922892	3532.399930	
0.597497	-5.866988	-7.104106	1.560867	97.271903	4196.261878	
0.555531	-0.922924	-4.196960	0.820895	95.458446	2157.008829	
0.523221	-2.663464	8.012168	2.382530	95.648065	1692.512274	
0.529300	-2.565651	6.043771	-3.086878	94.632557	1252.883655	
0.539937	-3.370112	3.901887	-7.032804	96.173740	2619.116093	
0.598989	-4.046926	4.262742	8.162015	92.974707	1899.182264	
0.548079	-5.859057	-1.494702	-1.352726	95.117290	3545.835261	
0.538203	-3.678538	4.343767	1.914174	96.061922	2152.338082	
0.607987	6.138043	4.773581	3.029010	95.788816	4621.939304	
0.504028	5.317462	-1.452292	2.662874	96.195959	2993.534067	
0.624133	6.014569	1.426420	7.583070	93.124383	1515.969764	
0.623113	6.746418	-2.147493	-2.675512	93.190174	1888.391503	
0.592457	-7.015868	-3.291748	3.599369	94.026544	1384.174901	
0.537741	-6.340860	-3.005484	3.766017	96.883928	2609.842828	
0.562289	-3.266208	-3.530208	7.747074	93.872862	1342.401651	
0.677844	2.627720	-9.141302	2.838029	93.668745	1606.000268	
0.593853	5.104318	-1.111155	1.761685	95.645835	1807.564157	
0.562326	-0.653211	-9.674674	-1.007051	95.376704	2294.193381	
0.508742	-6.305022	2.284747	0.383910	95.417766	2103.940410	
0.531634	2.513254	-4.288861	4.238938	95.452673	2592.667216	
0.687393	-8.233685	2.408694	-2.816587	94.729621	3846.693121	
0.665269	-9.213592	3.589666	-1.375077	93.821974	2080.731168	
0.559987	-1.305247	0.620130	-0.222413	96.648804	2602.953126	
0.565154	2.259490	4.230732	4.325849	93.608868	1287.519502	
0.515731	1.630196	-4.075855	-1.251245	95.397040	1143.632811	
0.613568	-0.401117	0.184270	-7.028719	95.896390	2771.150988	
0.622886	-1.761006	-4.363888	-8.653007	95.304289	4221.033387	
0.506846	2.251326	1.361419	0.814122	94.549564	1155.407844	
0.540365	-7.051338	4.759395	5.398048	93.165188	1369.949170	
0.575424	-5.837701	5.223013	-3.628979	93.694111	1378.171326	
0.585177	3.971453	-5.675198	-7.244689	94.125698	1453.495395	
0.530199	-6.788439	-1.179611	-2.855013	95.131083	1240.293849	
0.628588	-7.218735	5.541685	1.854952	93.793937	1950.864049	
0.590515	8.271392	2.108736	-3.767331	94.183523	1871.460125	
0.683062	-8.243108	0.058075	-2.416317	96.599536	2982.360081	
0.605219	-0.070662	-8.275164	-1.846825	94.102864	3265.926504	
0.527792	0.168972	4.621916	-8.526268	92.667248	1274.352856	
0.529651	3.677295	-1.663892	4.944472	92.441990	1694.093345	
0.636062	-5.249211	-3.585621	3.098564	95.527403	1458.409925	
0.505597	1.592036	6.819926	3.917468	95.461134	2565.899248	
0.451261	-4.767877	1.652682	1.272982	94.764104	1954.190361	
0.603329	3.120766	6.242641	-2.299785	93.403364	1426.838496	
0.488270	1.494544	0.794876	-7.767536	96.147958	1607.496866	
0.809087	-5.902839	2.471537	-14.250299	65.507403	3480.311331	
0.609781	2.368061	7.566180	-5.690770	94.561984	3299.598408	
0.545329	5.097961	-1.602469	-6.239320	97.774989	7202.008449	
0.563056	3.098859	1.303364	-2.177543	96.292352	2163.801937	
0.485489	0.461107	2.633833	-3.137568	95.941378	2457.820383	
0.605808	8.561097	-0.501428	-2.670078	94.218046	1914.789444	
0.600054	-5.263788	1.484561	-6.831021	96.405394	3233.870063	
0.619527	-6.720982	-0.378310	-2.903858	94.741044	1386.837011	
0.498845	5.083392	1.439012	-1.374610	94.929439	1156.952810	
0.532546	6.919742	4.481801	0.460045	94.186542	1285.489552	
0.566318	7.552765	-2.607832	5.294441	93.717009	1357.557365	
0.556756	5.668182	1.565253	-3.853815	95.266943	1739.491456	
0.550209	0.348680	4.840108	-4.110130	94.807711	1725.717774	
0.579002	8.934779	1.558851	-3.338777	95.202463	1867.722998	
0.541038	-1.864587	-6.316859	3.642218	93.828362	1263.813092	
0.600376	1.978028	-7.944025	-1.584860	95.526687	2733.905165	
0.607113	3.598029	5.300788	6.918029	93.615367	1444.094824	
0.505201	6.184018	-0.379892	4.756526	95.088219	1196.547002	
0.532630	-1.872760	6.346895	1.297861	94.440334	1244.957962	
0.457717	2.517187	0.743225	-4.218713	94.277924	1974.694630	
0.522857	0.868312	-4.807173	3.921518	94.842522	1214.703858	
0.625340	-4.934658	-8.760252	2.001072	95.970088	2918.420696	
0.664642	-3.775343	5.762544	6.098788	96.983304	4302.424579	
0.555012	2.589818	-0.351262	-7.474761	93.472673	1741.302611	
0.623257	1.656115	-1.711684	1.543343	98.709446	2284.673489	
0.591262	-2.249301	5.860950	0.773938	93.266727	1357.841383	
0.610422	-7.649988	5.759135	-0.031255	94.029370	3742.666733	
0.564707	-2.361663	4.797863	-5.325133	94.803378	1316.949552	
0.562511	-4.990993	6.218580	-2.331547	92.944013	1314.097337	
0.622120	2.052366	3.658423	-7.111807	94.292045	3732.317521	
0.594278	5.294863	-1.386161	0.061761	93.277071	1813.987770	
0.586805	1.839109	2.029008	-9.323411	95.054628	1914.669849	
0.696049	1.053546	7.449133	-4.648997	95.644857	4802.977538	
0.567751	4.457035	4.091322	-5.608272	94.450806	1351.199832	
0.632013	3.400068	5.861505	3.253637	93.624285	1444.387805	
0.465503	5.805878	1.522448	-2.804230	96.371172	2015.643125	
0.575310	-8.851490	4.337641	2.825726	94.781326	2707.511936	
0.513931	-2.098954	-4.412717	-3.449747	94.054507	2112.450998	
0.519555	-4.570102	4.784012	1.628113	95.563594	1181.205769	
0.576533	-0.160649	-2.493420	0.981151	95.849652	1283.304265	
0.575340	-8.787987	-2.236428	2.240361	94.651404	1847.101742	
0.571931	2.114410	-4.205662	-3.639106	96.344040	3092.524703	
0.535006	-2.281700	-5.317435	-4.634385	94.717835	1722.931974	
0.632811	-4.726934	4.737556	6.857948	95.782382	2439.061511	
0.617248	3.833089	5.740613	7.475945	92.292356	1516.791452	
0.524645	-4.499132	-4.270447	-6.673240	94.199953	2215.525359	
0.597618	-8.652136	1.905404	-4.523070	94.655181	1418.119617	
0.711924	9.221304	-2.409215	1.356380	94.170493	2182.146934	
0.596309	3.566425	-7.215385	-2.229335	94.476274	1849.191273	
0.634025	4.750491	6.551746	-4.423228	95.347548	1945.658901	
0.582533	1.644939	-6.119340	-3.349158	94.209060	1373.258766	
0.548418	-3.636894	5.846174	-4.532944	94.025809	1312.061336	
0.667229	0.746954	4.596876	-3.140661	95.079785	1485.754427	
0.599859	2.274036	-2.369272	5.407687	95.366689	2281.899908	
0.567481	7.140274	-5.716512	-2.661834	94.342965	1842.186711	
0.585048	-4.320783	5.638339	-4.377910	96.382208	2295.235273	
0.640056	3.572275	-6.765852	0.944783	95.521551	1924.209960	
0.615868	2.471360	4.569448	-3.607690	96.268963	3218.760376	
0.600199	2.123659	-4.009721	-7.488015	95.022124	2790.929091	
0.607119	-9.982798	0.370393	-0.290375	94.676651	1482.452344	
0.608436	0.110923	-1.545890	6.121717	95.336611	3178.060394	
0.573639	-0.037605	8.234321	1.249552	94.943369	1368.063733	
0.522931	-0.370954	-3.668596	-2.054145	95.960414	1196.523543	
0.566775	7.587794	-1.716202	1.111561	96.864583	2699.036756	
0.651622	-8.070556	0.944131	6.396854	96.139657	4337.985150	
0.566687	5.079371	-3.946679	-3.675967	95.821635	1807.924957	
0.483744	3.799490	-2.250556	-5.176206	94.535262	2061.197904	
0.536136	-6.360180	-0.650799	-1.081058	93.773872	1248.307824	
0.538921	3.029171	-0.670424	-2.223313	97.001757	3492.302767	
0.522886	-0.457943	6.400983	3.157298	95.353760	2607.411514	
0.598008	7.383498	-4.843543	-3.458709	94.558173	1881.150802	
0.581643	4.407354	-4.013088	-6.611246	95.341443	2311.325924	
0.551459	3.619649	-1.244133	-0.352568	96.113438	1670.093304	
0.452287	2.317442	0.620061	2.227908	98.247037	2409.292808	
0.631866	-0.781178	-5.728817	2.598209	94.533471	1483.697636	
0.633733	1.695325	7.535859	3.737558	95.421094	4203.633403	
0.472973	6.514815	-5.146947	-4.537080	94.278485	1140.909224	
0.620050	-6.246589	0.829996	-0.231584	96.732614	3206.637932	
0.571260	-1.617092	4.385277	8.700783	93.657585	1383.241919	
0.475518	-2.713310	5.915427	-1.949567	96.376980	1591.027275	
0.527459	-4.110893	-2.477892	7.355044	96.857203	1715.423719	
0.673946	6.924833	-0.757436	-5.150431	95.643307	2504.996053	
0.603178	-3.215024	8.510006	-0.009725	93.623402	1944.728943	
0.472114	0.949625	0.975718	0.852767	95.976757	1517.779028	
0.542419	-2.348621	-3.690517	-0.640867	96.128174	2134.513782	
0.575042	-7.878813	2.822816	1.197101	93.156367	1367.117274	
0.639330	9.134618	-3.368446	0.104799	93.437131	1509.775627	
0.492706	-0.714876	9.103015	-1.080718	97.116234	2552.853424	
0.549669	2.738521	-3.481341	1.052607	94.694684	2153.170920	
0.607163	-1.023640	-7.348068	-5.265401	96.417511	4597.475901	
0.509059	3.900678	2.514727	6.608943	96.402231	2570.672945	
0.598473	6.509102	-0.702014	-5.628128	94.529255	2779.283677	
0.537893	6.291368	-5.815369	-5.771100	93.015322	1351.980241	
0.638320	-3.418003	2.115470	-7.384421	92.833933	2383.223779	
0.649138	-2.680031	-9.048948	1.100457	94.750259	3333.714903	
0.524646	1.213210	2.867421	-8.398143	91.187417	1271.396724	
0.482101	-1.562037	-8.106700	3.985271	95.928235	5723.588615	
0.512530	5.720089	-3.419809	-4.566520	94.278283	1210.498199	
0.503913	-7.254508	-5.829073	-3.901545	94.222623	1281.372003	
0.671958	-6.158997	5.924455	2.460925	92.628376	2033.208284	
0.545527	-4.822164	1.168692	-0.384715	96.954726	2611.219319	
0.523446	-7.569782	5.687827	-0.938732	94.983897	2185.394486	
0.599031	0.415150	-1.267629	-7.541326	95.090837	2317.473659	
0.581427	1.859561	7.716965	-4.010505	95.354088	2256.360007	
0.532775	5.663840	-0.287970	-1.047360	95.489039	2596.495956	
0.470066	4.198464	0.090842	3.460317	96.556168	2001.279936	
0.726022	-0.251690	9.232079	3.546176	90.433576	1791.721957	
0.665047	-6.466020	-6.080960	-5.572782	92.396757	1620.796872	
0.673291	-4.432694	5.091389	6.799267	93.878593	2496.840055	
0.618126	-9.117688	1.197853	-3.537079	94.868424	1485.465835	
0.591887	-3.844198	-0.408324	-7.028323	95.962074	3656.738379	
0.619480	-5.994389	-0.711173	3.276342	94.305740	1871.056851	
0.582712	-7.241592	-5.077885	-4.588790	95.617994	1423.814942	
0.640944	-5.312688	-3.796806	7.705525	90.964577	1559.201547	
0.669012	-4.865961	8.645065	1.074609	93.932520	2513.373193	
0.511418	-3.730099	-5.556291	1.312717	95.287313	1182.185678	
0.603874	3.137639	-8.483908	3.491984	95.860888	1437.181914	
0.559931	-1.732986	2.543904	-7.922630	93.531838	1336.792205	
0.542925	6.266653	-4.269788	3.444395	96.440302	3540.063806	
0.566936	2.103022	8.428598	4.345005	94.130264	1393.990851	
0.544650	-0.900813	-9.957795	1.970018	94.332875	1381.222086	
0.566427	-6.700599	-7.052687	2.461409	94.659730	1357.614948	
0.549564	6.389217	-1.145907	1.608513	96.314867	2668.857178	
0.494217	-5.827575	5.334959	3.072116	95.474644	2083.589035	
0.638229	2.349456	-9.328598	2.401643	92.139885	1521.169103	
0.477096	-5.358186	-2.778366	5.031576	95.574164	1139.691463	
0.599680	-9.068172	-5.563956	0.654613	95.858315	3313.646754	
0.658893	-0.790384	-7.651269	-5.182270	94.451325	2491.627690	
0.521126	-3.833108	-6.836286	-1.702234	95.249768	2623.939355	
0.582298	-3.610753	-7.269367	1.631427	94.325546	1802.817624	
0.622317	0.536125	-3.996359	8.704789	94.697743	1490.462957	
0.508477	1.239821	6.154376	-5.108528	93.865561	1199.716136	
0.572995	-5.183257	0.160090	1.889996	95.919306	1281.994068	
0.594376	-2.144118	-6.464659	-2.913906	94.681016	1347.757866	
0.594510	-7.030100	3.031095	-5.853918	92.426309	1446.139502	
0.581142	7.428927	-3.784302	-2.563062	92.990967	1378.069643	
0.592065	-7.393008	-1.902122	-3.883961	93.273218	1401.402395	
0.521507	-2.974767	0.793669	4.322509	96.145102	1188.959512	
0.627537	4.368427	7.861842	-1.822843	95.972997	3758.460252	
0.588251	-1.746673	2.378768	-5.870175	93.738419	1778.267525	
0.522639	-1.214671	2.582176	4.344127	96.915416	1657.917088	
0.476113	-1.666105	-1.607571	3.558009	96.753109	1558.809069	
0.599145	7.801082	-1.633348	-3.664854	94.725139	1415.315782	
0.590315	2.037502	3.697647	-5.523753	95.075741	1365.322079	
0.554085	3.050462	-7.760283	0.290168	96.061679	4036.114381	
0.658437	-3.291305	-0.864454	-8.202749	95.257418	2486.469413	
0.497392	-8.264500	-0.112862	-2.037810	96.925760	1656.282826	
0.478220	6.777487	2.335862	-4.151739	95.913028	1134.936267	
0.679607	3.221540	-3.714689	-7.255104	92.933717	1575.416607	
0.472115	-4.329213	1.477933	-5.411043	93.867792	1571.639993	
0.546794	-6.622564	-6.914952	4.052923	92.731766	1340.309361	
0.476996	-1.273436	-2.729160	6.001114	98.697923	2480.751119	
0.578339	1.848709	5.563925	-6.902268	94.351010	2277.616154	
0.555454	7.434741	-4.687436	1.161205	94.806934	3119.475169	
0.518114	-8.252414	4.276948	1.506363	97.085352	1721.426909	
0.585302	-1.489314	5.022272	-7.834307	93.545849	1427.848329	
0.683346	6.773937	-6.269851	-1.328288	95.498332	3413.463821	
0.550709	-4.514092	-0.099361	-1.867989	97.283050	2616.458233	
0.578700	-8.738365	-0.062171	2.846686	96.203092	1386.598485	
0.558289	-3.286612	-3.894468	3.807538	94.394549	1276.132358	
0.646862	8.021770	-4.580290	-1.986225	93.833092	1504.995123	
0.674746	7.213053	-3.858083	1.314999	95.611798	2466.976699	
0.615801	6.834929	-1.122720	2.976610	93.926265	1408.555336	
0.538606	5.671813	-2.633831	-5.222100	97.289077	5356.664310	
0.612035	4.687042	4.081454	6.109538	95.811074	2786.117948	
0.501921	-1.343680	6.057049	4.220474	95.728146	1650.127505	
0.646775	-7.263587	2.659599	-2.568109	95.699574	1553.596734	
0.734671	-1.353133	-7.312343	-6.095609	90.681100	1750.258520	
0.596891	1.720137	-3.161336	4.318604	96.430091	3616.380524	
0.499062	9.545427	0.199894	2.245417	94.466411	1712.257187	
0.602927	-3.272450	3.524326	4.189789	95.072455	3161.976090	
0.591215	0.494147	-4.569943	3.424785	94.191836	1754.496036	
0.719491	-1.354366	9.171160	3.713068	94.536551	3542.365339	
0.486665	-5.248110	-1.706202	1.890434	94.848407	1549.555887	
0.493035	1.621766	0.353367	-0.939694	97.114392	2919.457033	
0.625712	4.741701	-2.481827	-6.031836	95.040410	2355.223823	
0.516982	-1.179975	-0.292776	3.039987	94.439603	1631.823924	
0.579908	-2.353480	-2.234256	5.392656	97.335130	4070.052838	
0.653431	0.449361	-7.219456	-3.875512	91.686392	1516.813840	
0.610506	4.609423	8.815448	-1.042196	95.022116	3304.578284	
0.550684	-4.219958	8.055132	5.016301	94.020251	1377.163442	
0.582436	2.825883	2.095925	-6.564869	95.277743	1343.838273	
0.550382	1.206411	-5.348860	-5.391339	94.270347	1297.078387	
0.534039	-4.900532	3.649200	-5.773550	94.946838	2168.959632	
0.561953	-7.841003	4.388581	3.831570	92.615106	1380.935124	
0.595153	-6.107367	-4.464828	-0.549315	92.186850	1380.749793	
0.530856	6.785173	2.946745	-2.009021	95.289849	1228.248897	
0.627557	5.810671	2.208692	-1.291911	95.145085	1430.520352	
0.576279	-0.009726	-2.946419	1.698076	94.623919	1713.153519	
0.571020	5.006433	-8.466558	-1.768355	92.300783	1387.902899	
0.538466	3.179308	6.947817	-4.697368	95.284268	3106.231080	
0.546496	-3.448337	-5.599921	-0.730498	94.608903	1269.997846	
0.573663	-3.610019	8.325740	-0.099553	95.690784	1846.620843	
0.598328	7.357641	-5.932900	-0.526194	93.805238	1411.922541	
0.548203	-8.672810	-2.431585	2.672780	95.796700	3138.307918	
0.593568	-1.800448	-5.446847	-4.777533	95.154840	1827.739220	
0.659744	-2.888187	8.276481	0.236855	95.204520	2443.711739	
0.526269	3.591474	-4.663194	5.361770	96.100906	1708.736864	
0.560507	3.781703	0.610321	-7.764911	93.692121	1335.747545	
0.658089	0.204961	4.714007	8.056382	94.774509	3827.585467	
0.585517	5.337122	-0.395998	-5.542376	95.171306	1830.301882	
0.551045	-6.524807	1.572879	-4.526439	96.009387	2222.508639	
0.568615	-3.098751	-3.392607	5.992750	94.748387	1316.209556	
0.521329	2.045594	-0.169111	-1.334698	96.032246	2064.986083	
0.505904	-0.397695	-4.828433	2.783114	97.074493	1638.365084	
0.597887	7.800191	2.366878	1.405222	95.126310	1875.572582	
0.574265	-6.323969	-2.356209	-4.480965	93.834868	1337.370195	
0.591731	-8.648253	0.709976	-2.136890	93.878220	1397.968755	
0.594536	2.931805	-0.007731	9.401951	95.460235	3689.687448	
0.601543	8.850547	3.411421	0.137077	93.762044	1453.816773	
0.627554	-0.645364	-5.906024	4.661693	95.802859	1885.739047	
0.548830	-7.008270	1.394282	-4.471668	94.967230	2207.577740	
0.542391	-8.303749	0.497606	-2.751947	95.657713	1298.505110	
0.658829	4.752988	-3.270776	-6.896044	95.038074	7460.688746	
0.615058	6.508593	4.848758	-3.226811	93.634695	2365.034136	
0.549098	-1.189308	0.971670	5.972210	96.042578	1268.825195	
0.626956	2.592895	-3.063971	-9.140516	95.239736	2877.258150	
0.529172	0.270705	-2.467840	-8.363614	97.024121	2608.473727	
0.616013	-1.910299	-1.476075	-8.945259	94.835780	1472.770712	
0.510817	-4.359107	-5.675446	-3.963490	94.775468	2122.788073	
0.506322	2.569062	3.839755	-3.718785	96.616291	2962.217395	
0.618879	7.445984	0.005637	3.415436	95.896201	1879.139811	
0.640147	-4.812097	1.558460	-7.237160	93.662945	1521.863511	
0.576200	-5.679893	0.942069	7.338572	94.211817	1840.487059	
0.614994	3.492653	-1.046820	4.535595	95.817189	2758.893475	
0.580509	1.685462	3.659387	-4.350491	94.681846	1321.785646	
0.605973	1.230888	-1.962730	10.000816	90.515592	1532.043396	
0.555229	1.284809	8.068529	2.308666	95.485834	4057.162255	
0.598561	-9.080670	0.944243	0.317582	96.625956	3235.349373	
0.542310	-2.384801	-4.450644	-6.955937	94.785400	2637.722448	
0.636379	4.830625	2.912021	7.199259	92.136365	1496.953996	
0.630259	-3.737899	4.902509	1.864286	94.617493	1427.153612	
0.626967	8.566528	0.319116	-4.741131	93.610460	1485.413336	
0.629529	-2.296674	0.806127	-0.662386	94.089423	1372.496369	
0.559224	7.009755	-0.317514	3.517416	94.535720	2679.872941	
0.507357	7.676285	0.925372	-1.662973	94.390685	2092.799934	
0.442777	1.523075	-1.071399	-1.732976	96.080419	1897.932272	
0.550274	1.571626	-3.968183	-4.719484	94.786062	1718.640382	
0.501783	3.455500	-2.104912	-1.133614	96.151229	1583.688290	
0.598842	-5.362143	-3.468883	3.205193	96.025163	4553.802012	
0.581921	5.606661	2.986324	-3.883412	94.374179	1338.559766	
0.515424	-4.985926	-5.029091	2.887024	93.229429	1213.646394	
0.643906	4.741135	-5.155806	-3.689294	93.993355	2855.587398	
0.648453	5.293071	-1.184932	2.688824	95.832710	3719.003056	
0.626440	-0.851671	-5.444652	7.230513	95.214932	1514.601796	
0.680411	-6.907299	5.937982	-3.358038	92.263985	1630.905271	
0.529002	-1.000514	0.863283	7.977995	94.416683	1708.476517	
0.622471	-3.525010	0.478079	-6.765883	93.592918	1417.121994	
0.595655	-7.976409	1.735733	0.630469	95.624164	3648.091757	
0.531764	-6.307113	-0.477053	7.738680	94.494660	2655.281903	
0.556335	-0.337853	-4.330333	-3.430204	96.746486	3099.412603	
0.546887	-2.966286	-3.178335	-4.981367	96.477309	2193.345199	
0.550264	0.076152	5.856273	-7.022335	93.927687	1346.617310	
0.593866	-6.946916	1.572596	-2.133731	95.047396	1384.141859	
0.507392	-2.594045	5.145659	-0.821287	98.833579	2520.055612	
0.539925	-2.378576	-1.150532	-8.757040	93.666146	1776.184567	
0.611869	-1.163946	-5.480979	5.376893	95.002689	2298.857056	
0.567651	-4.202455	-6.415298	-1.471516	95.043056	1763.417494	
0.453102	2.165059	-3.164203	-0.354328	96.187551	1029.123923	
0.421912	4.909546	-2.147824	1.940300	96.334492	2342.601760	
0.469496	5.636303	-3.174661	-1.428548	95.252536	2009.386681	
0.560845	5.059912	-2.904667	-0.120681	94.815410	1262.806530	
0.555263	-2.609581	-4.737445	-4.651314	95.860965	1778.052133	
0.596352	4.416223	-1.505959	8.012838	94.074146	3222.459739	
0.533418	-0.323660	-4.920503	6.598406	95.232160	1747.295427	
0.600533	2.960071	1.221465	6.313262	95.378193	1864.340575	
0.568213	6.280799	3.402560	1.541798	96.007936	2247.432247	
0.584028	-5.103862	-4.726800	5.350604	93.008102	1393.510656	
0.545886	-6.023742	-1.919091	0.716040	95.434901	1707.928085	
0.592181	-1.693677	4.226315	-1.910133	94.544588	1326.876979	
0.555975	0.450850	5.278363	3.816789	97.325433	2670.897002	
0.515543	5.709082	-0.860813	-6.640789	94.061030	1233.865041	
0.643933	-4.054991	-2.542624	6.797439	94.867041	3318.068303	
0.517710	-1.044334	-1.270025	-7.642460	95.460578	2132.683486	
0.475517	2.369154	-3.106086	-2.852987	95.579065	1994.571262	
0.509211	-7.207297	0.207140	-2.193638	92.769817	2545.995517	
0.632686	2.382516	-8.532310	3.216894	92.767663	1553.082191	
0.596280	1.156076	5.869963	-6.122778	96.119515	2769.351804	
0.613012	2.782483	-7.643755	1.574568	96.977482	2343.530873	
0.554472	-0.689107	-9.591403	-3.493264	95.033655	1363.906404	
0.525438	-2.369825	0.766890	-0.146984	96.449147	2073.067918	
0.638606	-8.375412	5.042975	-1.560943	92.518204	1545.776771	
0.577020	3.583586	1.431539	3.985503	95.165250	1750.476479	
0.615253	4.451413	-5.096269	5.796086	94.341073	1927.298140	
0.639726	-4.811477	-4.636981	-4.943384	95.628270	4663.235731	
0.493951	-4.271081	-1.224934	3.317406	97.108765	2479.491885	
0.588035	7.413132	-1.518350	4.761881	95.791384	4138.702948	
0.504917	4.500557	-4.928669	7.528987	95.531493	3065.280213	
0.718481	8.131239	-0.053783	-4.160992	94.024836	4878.659923	
0.580465	2.159687	2.428541	2.269290	95.922354	1285.757856	
0.623010	-1.636720	8.657548	-2.685567	94.819816	1478.375400	
0.609415	5.742588	-7.400004	2.185170	92.469307	2836.075969	
0.632434	-1.099822	2.171517	-7.981550	92.901028	1482.777052	
0.584494	-8.686549	-3.349274	-1.477406	93.321924	1423.476718	
0.628290	4.876795	5.515000	-3.831446	94.925519	1945.880303	
0.572047	-0.119228	-1.710423	6.356355	94.969939	1767.018896	
0.650716	2.191783	-9.195913	2.265109	94.021916	3412.598895	
0.534894	1.682358	-2.669459	8.644037	94.110988	1279.602922	
0.602381	4.570871	-0.162415	-8.987271	93.857662	1937.603879	
0.529748	-4.871235	-1.644220	1.247926	96.064051	1204.534102	
0.545504	-5.614453	-0.470035	7.268065	96.000412	3154.348469	
0.586132	0.792927	7.699037	-4.647071	96.311482	1857.487617	
0.632356	3.806800	-7.535783	-0.605201	93.736841	1906.592672	
0.552759	0.333739	0.312190	0.638054	96.048342	1663.771078	
0.592049	-5.927371	6.202973	-4.263552	93.665934	1445.299736	
0.702136	0.434919	3.377343	-4.687151	97.707713	2917.936750	
0.601896	0.723588	-6.395966	-5.502566	93.648466	1902.586243	
0.581423	5.367144	-2.055885	6.571463	93.662499	2298.148777	
0.445557	-2.592263	4.107172	0.542664	96.578102	2391.437878	
0.700860	-4.292056	-2.777729	14.295429	67.938423	1624.045538	
0.609805	2.228593	-4.041215	8.115844	94.858423	2814.619638	
0.607855	-0.879400	3.442664	2.300841	97.812172	2698.421560	
0.534122	-2.723333	-1.746730	3.648783	94.883923	2113.116154	
0.607326	-8.853163	-4.587521	-1.753737	93.291639	1452.638042	
0.615507	-6.442894	3.798483	-2.750682	97.978775	7354.095315	
0.557561	-1.023511	4.136854	-9.533426	95.798046	1380.658536	
0.481818	2.435748	2.273186	0.495595	96.660940	1092.085334	
0.576202	-6.742899	0.467147	-0.708825	99.248659	5403.132518	
0.647460	-4.437353	-3.221466	-5.187162	95.179477	3338.793822	
0.497830	-0.785587	1.492310	-0.547710	96.249508	1588.102238	
0.567397	5.570207	-5.471830	3.729930	96.497929	4991.243031	
0.571231	7.330434	-3.190497	0.878433	95.118412	3615.595441	
0.556431	6.614269	-4.165629	3.155211	94.498734	2238.393807	
0.522536	-1.389020	4.004190	-0.453305	94.710654	1195.152724	
0.583278	-2.118876	8.146948	-0.392790	94.743020	2791.077560	
0.554114	0.634987	1.947637	7.710035	94.020138	1303.865998	
0.682763	-6.552159	-1.302440	3.909286	94.996295	3407.544484	
0.507043	-2.938684	-1.135172	1.445879	93.929680	1141.004798	
0.498975	-4.607173	1.547643	4.391782	96.719541	2074.765006	
0.605236	-2.441787	-1.572299	9.572074	94.637982	2840.234159	
0.553893	-3.115106	0.246037	1.629457	96.184319	1679.555034	
0.568748	-4.743912	-4.671758	-3.499653	96.703292	2675.770113	
0.536186	-0.539143	-0.223114	6.514791	94.965521	2153.113755	
0.559977	0.443196	-2.083452	9.376126	93.807950	1367.043275	
0.469793	5.666682	2.450513	-0.953779	96.244390	1560.172249	
0.590473	-5.320217	0.728436	-7.250517	95.185842	2333.779849	
0.601052	2.467015	-3.739495	-6.295334	93.741843	1369.121377	
0.546249	-7.823769	-1.189469	-0.158088	96.485912	1755.908851	
0.575734	-4.246615	6.402814	1.313765	95.683787	2710.677200	
0.626197	-1.355422	4.208319	6.727724	93.729258	1452.139696	
0.588513	-6.219682	-1.421056	5.986360	93.659925	2781.465716	
0.509534	3.951857	1.017890	-3.286987	97.012135	1152.412540	
0.552762	-2.136091	-0.160560	7.527689	94.441285	1310.418172	
0.662551	-2.663276	-8.401806	3.692917	93.541865	1568.341971	
0.569274	6.756480	1.684653	-3.335421	95.313111	1793.345295	
0.535480	2.781732	2.794554	-1.567521	96.419703	2116.902044	
0.520449	-4.032893	4.632631	2.804542	94.899097	1225.389313	
0.613661	-3.741649	1.367563	-7.054615	94.828183	1412.958039	
0.583568	4.639579	-7.315530	3.402790	93.707731	2766.381650	
0.564336	5.893106	3.424137	5.281449	94.841918	1336.931285	
0.580633	-0.435668	-1.885984	-3.991238	95.595205	1767.686759	
0.633269	5.911755	-0.540723	-6.917760	96.715890	2895.120924	
0.513276	-3.183956	6.209565	0.089596	95.097442	2580.805836	
0.530515	-3.104766	1.138741	1.858903	95.514906	1644.658774	
0.598648	-2.771958	-8.046826	5.345378	95.720126	1459.749098	
0.471310	-4.245540	0.959128	-5.266015	93.775834	1139.182628	
0.496342	-2.868614	3.908739	-0.042180	95.063421	1132.991660	
0.594506	-3.492015	3.712109	0.183171	97.446188	3638.265749	
0.557300	-0.354883	1.796667	2.405103	95.258058	2156.100138	
0.687162	-4.968266	-0.232821	3.255267	96.984926	2887.135159	
0.532381	-1.523579	0.402610	-6.926699	97.241923	1703.245484	
0.595138	2.990171	-8.467220	3.810288	92.856930	1477.466965	
0.583327	-5.526309	-2.692900	-7.244868	93.742326	1859.842655	
0.506372	-0.921604	-5.656738	-1.457646	96.105866	3441.353296	
0.562564	3.184547	-4.689694	-3.447129	95.974282	2208.700037	
0.557101	4.394783	4.198807	0.802361	97.441130	4480.763073	
0.626906	-3.645188	4.796185	1.075269	95.142589	1441.913875	
0.660339	-6.200300	-0.901997	6.974859	93.004781	1546.425817	
0.532307	1.584580	4.291905	-0.484653	96.362431	2123.730262	
0.538171	-3.820358	-4.955700	-4.895096	95.649048	2150.209211	
0.570164	-6.560149	-4.457420	-1.659554	92.425902	1339.650713	
0.593268	-2.886563	7.345480	-4.750284	91.358834	1411.699989	
0.544052	1.563915	4.301514	3.078081	96.971614	2619.010333	
0.556297	-6.130232	-2.909593	4.272161	94.184503	1771.091107	
0.592510	6.807636	1.855202	-6.232681	95.057089	1427.223432	
0.573788	-5.927836	0.695430	1.300171	95.856101	1743.991300	
0.600008	7.315613	4.578357	-3.725512	93.517994	2329.152159	
0.547197	-6.072427	4.041144	3.499985	93.233781	1310.531826	
0.561970	-7.068481	5.930054	-0.914426	94.363532	1346.641263	
0.533425	-6.457489	-2.555002	-6.076336	95.804057	4943.445953	
0.533933	-3.026052	4.329096	-0.259415	95.428027	2593.230959	
0.509133	-6.713039	-1.530843	-1.192581	96.002742	1646.886352	
0.549349	-2.576551	1.099278	-3.026593	96.604220	2576.790353	
0.615980	-4.192557	4.546266	-7.241473	93.923516	1495.422211	
0.640619	6.730069	-2.175271	-4.614002	95.259226	1945.189172	
0.591280	5.764044	-3.882344	-7.084680	95.698607	2792.141222	
0.607784	5.959292	3.993189	4.972286	95.649626	2350.875271	
0.546441	3.941100	-7.043661	3.853102	95.235105	1749.761853	
0.602616	-8.268051	2.297266	-0.609005	95.218350	1850.177554	
0.598677	1.645704	-9.079970	-2.675576	91.643080	1487.322672	
0.633077	0.814282	-4.989323	7.002039	94.468817	1931.072080	
0.474483	-5.149660	-1.272934	-1.017044	96.538349	1088.148496	
0.518749	-2.139700	1.554305	2.513903	96.528716	1639.921382	
0.457353	-0.348508	0.856294	-3.776776	96.679454	1482.996847	
0.667140	-3.585010	-3.076515	8.768720	94.060294	2945.828283	
0.610544	-3.659053	8.386861	2.813109	92.008367	1476.294344	
0.544814	5.663455	-2.241312	-6.681201	92.592181	1335.172441	
0.511957	0.700962	-6.739851	0.086919	95.853412	1642.400162	
0.577931	-8.931018	2.149799	-3.976419	94.080150	1425.311288	
0.604826	5.204626	-3.138962	4.389493	93.780815	1838.641189	
0.538079	-0.476247	-8.045635	-3.511850	95.131002	2663.833281	
0.555807	-1.086421	4.554724	7.550442	94.478324	2249.026636	
0.666448	8.415486	4.495250	-0.233728	92.476887	2056.830399	
0.542805	-8.475377	2.804709	-0.258265	95.707550	1292.890479	
0.606643	-2.156324	-8.353371	-4.509400	94.937152	5530.983083	
0.492620	-2.639107	-3.310526	-2.264023	98.244995	2474.397045	
0.571730	8.949180	-2.297134	-2.213228	95.223090	2703.433366	
0.616908	-0.291388	-0.311912	-4.183111	95.587136	2750.222225	
0.438852	1.697031	8.181665	-2.863622	95.111824	1053.667185	
0.581518	5.484356	-8.426408	2.190203	93.317334	1418.282074	
0.630164	2.003444	8.695182	2.334983	93.042234	1481.317868	
0.617010	-0.229489	-1.354841	9.135217	94.638838	2839.746723	
0.605723	2.471243	-5.173528	6.241898	92.235470	1438.827402	
0.638597	5.600366	1.957900	-7.788208	90.256744	1571.681971	
0.539903	-1.882703	4.990568	-3.167317	95.418500	1676.111559	
0.538660	1.539266	-5.561027	4.259763	95.995796	3514.490271	
0.575049	-4.054384	-0.906136	-9.127130	91.987820	1384.462404	
0.628126	-6.896238	-5.702229	3.067232	93.030334	1945.940461	
0.591070	3.727982	6.689985	1.544632	93.585335	1840.614031	
0.555029	9.702279	-1.966589	0.300408	94.175699	2749.733725	
0.588035	-1.044020	0.943197	-4.336077	95.374159	2245.240245	
0.605147	-3.459653	-3.932375	-0.513241	94.456588	1822.191446	
0.522229	-0.585142	-5.541225	-5.357968	96.305212	2111.953654	
0.657719	5.071078	2.322939	-4.569915	94.973739	1974.707734	
0.574695	6.250623	1.090951	-6.448812	92.905398	1346.468065	
0.597798	0.748965	-2.714173	-8.620609	94.873171	1431.601280	
0.560151	-0.018263	-7.469745	1.153193	94.058990	1332.305427	
0.658911	-2.813205	-2.247161	-2.218013	95.827572	1452.461902	
0.592048	3.550040	4.240582	-2.255731	95.677211	2731.806481	
0.494830	-6.961451	-0.144737	3.309215	94.177753	1171.284200	
0.655614	-0.781703	4.029966	-3.757686	96.898151	1906.873694	
0.551298	0.989089	5.428252	-6.749868	92.765419	1316.918362	
0.553528	4.265444	5.194055	3.808777	94.979051	2663.757548	
0.593570	2.747004	-7.346567	-2.011013	94.101703	1431.999596	
0.494541	-2.280071	-4.297628	-3.907857	96.271495	1599.080028	
0.572112	0.985593	-5.331840	1.366322	96.495492	2204.986596	
0.589450	4.577783	1.996299	-8.341205	94.930122	1387.686275	
0.549448	3.067952	-3.745140	2.395042	95.830268	2152.092207	
0.528284	3.662427	-0.100621	-3.461933	96.163064	3023.501661	
0.529296	-4.729253	-6.543257	-2.468774	94.180588	2162.494341	
0.558933	1.422580	-5.159239	2.700515	96.692622	3563.583290	
0.619665	6.279464	-6.773763	-2.794092	92.633631	1930.015474	
0.597008	-3.376462	-4.702201	-2.246126	94.753960	2283.492446	
0.584684	4.019525	-0.343654	3.348301	96.399281	1756.382841	
0.570523	-1.986441	-5.695132	0.388203	95.646369	2674.837901	
0.650943	-1.261250	-2.902517	9.253621	92.385088	1581.523511	
0.679961	6.925042	0.501601	-5.022019	95.629562	5639.028161	
0.588397	0.991316	-2.230775	-2.527564	96.946837	2201.300020	
0.544009	-7.231697	3.449085	2.769014	93.885480	1784.464030	
0.577608	4.216969	-3.210452	4.925088	94.880807	2270.671509	
0.594884	-6.759680	2.113456	-0.882103	94.577274	1818.360840	
0.546473	-4.433062	2.529954	6.891341	100.497856	8148.054589	
0.588010	-0.235429	4.686434	-5.639994	94.596638	3200.003995	
0.584244	-3.063138	-3.813829	9.135415	93.244589	1431.905151	
0.593327	6.020551	-0.414733	-7.191866	92.190517	1441.768367	
0.466060	2.423845	5.051601	5.446815	96.871255	1141.774966	
0.540415	-6.380194	4.384408	-0.951687	95.511263	3108.910139	
0.548339	-4.917910	-0.512572	8.222257	94.975263	1803.226232	
0.554049	2.340100	-3.209118	-0.812595	97.608841	3513.013312	
0.602869	-0.175706	-8.351056	-5.010380	93.862809	1475.722743	
0.632798	-0.849450	-4.462754	1.145776	95.977551	1843.228518	
0.631227	5.257261	0.519541	4.433339	94.893624	1442.080475	
0.442834	-4.688550	-4.280215	1.271204	94.952830	1966.638975	
0.617584	1.277915	-1.652830	2.967456	97.490950	3202.349558	
0.665027	-4.661355	0.359527	-7.576892	94.590371	1556.684526	
0.531253	-7.418397	2.337839	1.256972	96.796279	2623.767783	
0.616249	-7.505508	-2.989859	4.370466	94.994600	2362.752617	
0.632441	-8.323544	-0.842768	5.718796	94.790888	1967.703472	
0.539895	-4.920303	0.563806	7.866779	92.731352	1304.642011	
0.585895	9.028267	0.645566	2.413408	93.958096	1866.446956	
0.466779	-4.807269	-4.740868	4.790173	94.435993	2044.066083	
0.509062	-2.434545	3.836106	-4.497505	95.503931	1180.445248	
0.552018	-3.718648	-5.172543	-4.532600	94.419335	1311.215989	
0.610880	-2.631747	6.168018	-3.059280	94.384160	1390.180499	
0.555686	-4.096044	-1.906234	6.423279	95.731551	2668.929257	
0.471207	-6.874687	-3.330934	-3.681357	93.438023	1129.184148	
0.649795	9.963119	0.680652	-3.961934	93.391105	1608.078519	
0.632370	7.287977	1.848707	-2.437693	94.767252	1447.804851	
0.669122	6.060731	-5.662259	-2.614429	91.974448	1573.316536	
0.682773	-7.895158	5.875543	0.844129	96.156455	5273.585518	
0.549880	3.879563	-6.029629	0.738759	96.305303	4462.514335	
0.604735	8.775484	0.795578	0.905521	96.562820	2805.030617	
0.529194	3.933855	1.172784	-8.913357	95.630001	2684.641336	
0.702904	-6.177048	5.915603	4.275294	90.967702	1671.269953	
0.500200	0.586658	-8.482518	-3.506633	95.004840	1241.417836	
0.492740	-1.527787	8.780421	1.180332	94.621679	1199.753311	
0.645553	-4.976828	3.493325	-8.185123	95.223073	2008.025032	
0.555554	-2.428465	4.333137	2.573452	94.120986	1257.196840	
0.541206	5.403679	-3.671178	1.519825	95.733113	1245.838255	
0.596358	-4.458566	-1.722249	2.298707	95.902593	2273.500716	
0.508599	1.445191	-7.031468	-1.374417	93.702218	1195.991587	
0.569500	2.590371	-1.553756	-6.885410	94.750650	1770.707768	
0.586764	-0.631966	7.323711	0.716344	93.154554	1823.881171	
0.544214	-1.566039	-2.168663	-3.873047	94.912178	1231.099308	
0.526690	-8.169148	1.487650	2.173609	94.506158	1710.714313	
0.700892	-8.144149	-2.370027	0.004731	95.877763	2962.325306	
0.524813	-6.834338	5.541050	-4.313822	95.019931	1704.697296	
0.650894	1.349725	-5.531186	1.483655	95.239663	2362.920570	
0.526666	4.241696	-8.532570	-0.396523	93.817985	1731.520757	
0.622335	-5.950363	-0.783477	-5.027871	96.918625	1913.406242	
0.522805	0.988993	2.320581	7.568042	96.255746	4431.299281	
0.535262	-4.350115	0.673042	-5.271192	96.295384	3050.645622	
0.593719	7.343289	1.627506	-2.360305	95.228084	1848.310443	
0.660942	-7.387445	-7.199137	-11.029602	93.591330	19783.136956	
0.536787	2.860415	4.097724	-2.915976	92.870196	1258.568504	
0.608572	-8.601034	1.485662	-1.500101	94.152862	1471.071127	
0.619077	-2.676199	3.662264	-7.070660	95.548063	2323.289787	
0.456689	2.103967	5.942149	6.305397	96.937949	2917.854652	
0.615039	3.364095	-1.158367	-9.073958	93.722266	1464.346873	
0.584538	-5.629962	-2.162784	2.452749	95.960342	1344.276982	
0.482255	9.035431	-0.906065	2.961552	95.623098	1647.531047	
0.636134	-0.436838	3.637161	1.445202	95.279039	1372.330102	
0.609332	-4.252062	0.161624	6.424636	95.566622	1399.557059	
0.634264	-6.937531	-1.380097	5.404018	95.088091	3355.651384	
0.609453	-1.157741	6.119720	4.101586	94.581676	1423.777450	
0.511424	-7.157844	-4.234242	-4.351725	92.937783	1244.389184	
0.441686	1.748808	-3.778901	2.500770	93.891177	1032.499221	
0.614102	2.512829	-4.225528	-5.262801	95.320004	1860.939241	
0.558375	1.755455	-0.400417	0.699170	97.406276	1693.085634	
0.608684	0.576209	-6.671923	4.938686	95.040546	1867.552319	
0.543918	3.692226	-4.912607	-3.522735	95.351532	1280.890736	
0.616948	2.190926	4.629528	-6.036457	97.714495	4619.664369	
0.602331	-9.032602	-3.679284	0.144147	93.506458	1468.462989	
0.576180	2.165328	1.119695	2.399733	95.639489	1723.675344	
0.640946	-6.573499	0.518008	-4.301655	94.740543	2404.589436	
0.572860	8.320926	3.189043	0.635520	94.820297	3653.356070	
0.551161	3.788107	-2.875648	-2.207729	96.338490	2630.628808	
0.536703	-2.568747	9.087121	2.437378	92.269302	1358.961818	
0.623115	2.878865	5.244657	-6.594385	94.343314	1908.816451	
0.536592	-7.998537	-4.313268	-1.670394	94.417692	1347.740429	
0.678727	9.366867	2.059145	0.903154	94.023592	1600.713994	
0.649281	1.732502	-2.674638	-7.626994	93.986151	1536.055923	
0.632499	-2.789463	-7.535386	-6.175465	91.649867	1538.929310	
0.648508	0.036969	1.212683	8.596534	95.463961	3352.878800	
0.560438	-3.719034	-0.435495	-5.338172	94.332492	1281.770417	
0.555698	-4.924031	-3.534085	-4.167996	95.890019	1283.219563	
0.502225	5.342437	2.787460	1.726739	96.746781	2979.885708	
0.609010	-5.815223	-6.748548	-1.317027	95.729736	2363.329849	
0.489688	-2.356141	5.284680	3.855690	94.851307	2049.889444	
0.463291	-0.680377	-5.287354	-2.967483	95.598126	1066.183286	
0.690818	-5.858923	-3.287141	5.846677	93.160019	1613.717081	
0.534282	-3.844100	-6.948162	4.952946	95.773630	3581.516033	
0.483049	-3.931906	3.625262	-4.273704	96.363959	1607.044667	
0.641259	5.895929	3.213816	3.215392	95.271063	4201.085774	
0.566946	-5.326143	7.765580	2.936256	94.392205	1837.321252	
0.528457	2.348085	-0.978105	5.235763	94.516792	1647.308821	
0.543618	2.551756	-3.382713	-0.613755	96.572496	2151.767156	
0.632291	4.735504	-5.838854	-4.609459	95.137677	1923.856302	
0.610137	-5.649179	-1.770408	-6.520082	92.471523	1488.704234	
0.629058	-3.410948	6.497731	3.796110	96.656886	6917.499085	
0.623093	-0.768689	3.611227	3.084212	95.104904	1393.936994	
0.540735	-2.631264	-4.145089	2.333345	95.892411	1221.076703	
0.590785	5.079929	-2.505453	-5.730937	93.660007	1371.735440	
0.645872	6.689691	-0.739514	-6.281241	95.444301	4673.589367	
0.498823	-3.435013	4.540379	-1.351171	99.117986	2517.050883	
0.555239	-2.544937	3.376883	3.127777	95.767596	1732.653215	
0.542683	-3.782770	-9.628796	-1.216746	93.387797	1377.332164	
0.579460	2.681692	-7.980422	0.300332	93.839236	2710.463081	
0.504810	-3.771019	-6.343125	-3.269978	95.063432	1212.902901	
0.456714	1.439350	6.009224	-2.545125	96.522590	1990.850813	
0.569362	6.240945	2.882681	1.221913	94.668934	1784.745297	
0.478415	1.882579	-1.294658	-0.388967	97.050249	3352.675502	
0.550118	3.562612	-7.599844	-1.663023	94.975799	1757.459035	
0.620486	9.080894	0.055919	2.682140	97.159562	5587.792093	
0.619786	6.587215	-2.665739	5.020420	96.031889	3302.651303	
0.623117	-3.922772	-7.444766	-1.437259	94.093216	2832.001126	
0.513969	-2.617119	-4.570296	4.525977	96.125728	1208.044652	
0.652663	-4.330908	-7.626838	2.840160	95.008810	2893.244869	
0.520987	5.862802	2.447113	-0.752778	94.771548	1202.521401	
0.564609	-1.659381	6.412482	4.469128	96.155526	1799.191342	
0.678422	-0.968566	-8.710479	1.743780	93.087340	2065.387031	
0.518572	-3.665891	-0.173326	-6.809698	94.218735	1235.142620	
0.683402	-4.568315	-6.993178	-2.552998	93.776483	1628.957765	
0.557053	-1.538273	-1.287374	4.705665	96.478798	2173.796200	
0.578705	5.539915	-1.840257	-5.268738	95.444615	2711.635414	
0.545343	1.112340	6.681824	3.225601	95.637171	1714.435813	
0.534291	-1.911158	-0.864194	-3.259995	97.099815	2103.713245	
0.596640	-7.554996	6.569717	3.622649	95.884079	3296.378309	
0.696051	9.901598	-1.139605	1.216185	93.315693	1664.754562	
0.580903	2.232698	4.943102	-4.469194	96.350175	1346.860199	
0.512400	0.023311	-2.897908	1.579217	97.579379	2975.042600	
0.507865	-2.226776	-3.607785	1.503440	98.409653	2513.379400	
0.616932	7.974861	3.132386	1.161985	93.496572	1453.713968	
0.653699	9.573797	-0.745125	2.320875	93.310232	1598.476508	
0.536242	-0.356645	-8.379504	1.250654	94.066322	2181.168863	
0.583791	0.087664	-5.213412	-0.988170	95.551195	1776.929607	
0.535585	-2.678807	1.433834	3.616336	97.521045	1217.564216	
0.545293	7.376995	-2.845886	-5.330880	95.767377	3132.521334	
0.558742	0.472571	1.577885	7.282433	93.729179	1771.750561	
0.526607	1.497522	-6.671992	2.920528	99.692180	9009.322284	
0.533683	4.118497	2.137121	6.514343	93.245941	1252.311993	
0.513948	-0.672215	0.157722	-2.043015	96.318822	1599.187077	
0.522335	-0.848491	-2.153677	4.202708	95.518569	1628.551897	
0.536140	2.087972	-6.291306	4.970055	94.755696	1281.007596	
0.580221	1.692639	-0.770828	0.471624	96.466135	1749.385243	
0.518972	2.223910	-2.414793	1.497210	96.987684	2065.398574	
0.478253	6.486864	-3.475394	-4.293055	95.841450	3412.386515	
0.619638	0.408582	-6.137693	-3.027576	94.494068	1862.641613	
0.556122	2.185216	-6.239768	1.561222	94.999696	1312.284595	
0.462675	-6.802316	-5.373932	-1.287651	94.496115	1167.707739	
0.599258	-2.308484	-8.240691	-0.622874	98.470966	2338.106588	
0.512245	-1.187127	-1.939196	-7.826591	95.731566	2136.986365	
0.592154	2.112807	-4.799345	-2.850988	94.629034	1330.012722	
0.511858	3.452258	1.717690	3.816443	94.697993	2080.650400	
0.470844	-0.554725	1.475498	3.438080	97.131395	2427.478044	
0.558781	-1.340761	-2.616791	-1.796802	95.155572	1233.555889	
0.549181	1.959402	6.140020	6.292181	94.527056	3122.680862	
0.567899	8.657929	-5.064450	-3.235953	95.668415	1405.798006	
0.479617	0.345781	2.673680	6.278312	94.793789	1585.131275	
0.523711	-4.424557	-5.988704	3.729953	95.336663	1222.838541	
0.579297	3.368527	-3.199662	9.013470	96.706735	1852.593835	
0.584283	3.098294	-6.483265	-5.881890	94.600978	1391.738186	
0.521885	-0.562735	-6.102480	5.479775	97.011288	4406.796493	
0.510481	3.099585	7.083011	4.713483	96.073136	3498.865760	
0.534831	-0.623568	-0.602969	3.056898	96.488410	1640.816524	
0.657966	1.246764	5.250560	-7.613889	93.886800	2466.215532	
0.498469	-6.523746	-1.347917	-1.747702	95.939553	2077.426797	
0.607385	-7.833737	4.881599	2.984172	95.947575	3273.814026	
0.515086	-3.904027	-6.124170	3.708747	94.789292	1253.556407	
0.540644	-1.916760	-8.005635	-0.250015	93.306308	1301.963884	
0.579443	-4.892406	5.787692	-0.215171	96.277566	1350.839327	
0.657955	-0.079510	4.297777	8.620867	94.166630	2920.071547	
0.617709	-1.624397	-4.309983	7.318780	98.070711	6932.220105	
0.600658	-2.919414	5.075090	7.544934	94.033403	1456.690175	
0.657204	-3.395455	-0.039025	3.844208	97.047337	3739.889002	
0.679292	-6.031346	1.326066	-4.947037	94.057082	2475.578229	
0.560851	-2.017185	-8.789863	2.371627	93.307213	2281.751242	
0.557107	-4.413889	-7.117505	-0.478661	93.662837	1334.664965	
0.568819	6.221038	4.141974	0.733459	94.025579	1340.890453	
0.610481	7.620029	-4.641601	-0.548633	94.930963	2357.456003	
0.637696	0.006214	-6.100977	-6.044201	95.021164	1504.313972	
0.607098	-7.214439	-1.212076	0.765870	92.054319	1436.792984	
0.538495	-1.096575	1.560574	-4.485746	95.498009	2116.338763	
0.557356	4.247162	-1.490851	8.201876	94.006822	1335.752657	
0.539084	0.280577	-3.067625	4.217088	94.624179	1694.825042	
0.592063	-3.014085	2.759025	0.159930	97.146870	1297.090654	
0.529307	0.437470	6.590057	-4.916857	94.615819	1236.081914	
0.598268	-6.942418	-1.628510	0.783872	94.874914	3185.542553	
0.636326	-2.984226	-9.562848	-1.400604	92.875944	1565.751760	
0.547798	-8.332323	1.239886	-4.209671	94.620624	2703.309143	
1.033189	-12.284805	8.116803	6.577895	62.649447	1736.329672	
0.529732	-4.510294	1.081359	2.561520	97.828542	1219.364350	
0.492068	-3.437672	1.523902	-0.347304	94.597239	1108.271050	
0.603782	3.447174	4.448688	3.898211	93.546108	2768.913340	
0.510535	6.307768	1.992467	-3.967680	95.534940	1646.220226	
0.497890	-2.747085	3.717893	-7.668839	93.043801	1205.686803	
0.462838	3.933276	3.091461	-1.780268	95.884420	1515.393444	
0.587145	2.484709	-4.753760	6.271499	93.325558	1862.165292	
0.501304	1.048490	2.761058	-0.385915	95.441720	1123.023690	
0.596362	-0.587655	4.119038	8.819280	94.302916	2361.983704	
0.591619	1.268953	-1.088128	-8.685875	93.506805	2298.287959	
0.515490	-6.382292	-1.978030	1.343656	95.803813	1674.573935	
0.494077	-1.873426	5.339955	6.034035	93.728666	2090.257733	
0.564458	4.622724	4.490400	5.094473	96.733764	3130.253727	
0.620309	6.138941	6.282378	-0.973398	91.932267	1479.198482	
0.555548	2.811187	1.623107	6.647414	95.545454	1752.077709	
0.577513	6.781516	-4.910570	-4.960679	94.535294	1874.414066	
0.606873	8.744796	3.579563	-2.282991	92.948308	1466.774210	
0.637414	2.886551	-4.926194	-7.477895	93.221245	1500.037419	
0.629180	2.358860	-1.942406	7.723261	95.905770	4178.148517	
0.559423	2.982545	-4.720715	0.551811	95.368420	2168.300710	
0.512854	-5.775942	-0.735983	-3.355360	96.339414	1646.409985	
0.558788	1.010530	-3.785634	7.365253	95.570668	2668.536482	
0.600069	-4.046389	3.421141	5.379679	94.230526	1383.584024	
0.654038	5.530309	-4.148786	-7.913874	92.467254	1604.152285	
0.529720	3.911898	0.992530	7.184173	95.047475	1734.958895	
0.606517	2.206443	-7.211400	-2.090053	93.612058	1413.157135	
0.563342	8.248397	-4.445213	-0.398235	95.486124	1338.366626	
0.555127	3.686949	-0.814225	5.055385	95.724216	1279.550588	
0.603688	5.427972	3.302870	-6.506275	91.465471	1450.451312	
0.596141	-1.451498	6.951173	4.424840	95.326911	2319.870724	
0.554915	-6.520961	1.863449	-2.242945	95.923295	2647.362728	
0.599672	3.035556	-3.435583	3.415086	97.213929	4066.979548	
0.530543	-4.236316	5.916277	-2.472250	95.434918	2172.039625	
0.504813	-6.123537	-7.472270	-0.918533	94.860924	1247.433868	
0.525869	5.090056	0.811508	-1.067697	94.935144	1644.991785	
0.627380	-3.664065	-4.710423	-5.577635	93.419021	2835.968443	
0.590079	-4.881261	-3.981630	-3.475848	95.727933	1376.813072	
0.584696	4.193825	-3.640119	0.537222	94.459836	1352.959936	
0.756319	-1.647156	-5.464330	-6.966338	93.227971	1773.054344	
0.553455	3.460391	-4.731298	3.794397	98.026813	4010.534349	
0.572759	2.830840	1.011582	1.334222	93.509557	1278.178854	
0.632531	7.761149	5.939720	-2.077667	94.651962	2906.301438	
0.611390	-6.987064	6.319724	1.483290	93.787853	1484.180612	
0.534521	-2.319071	-3.576897	-3.054260	92.186503	1694.297046	
0.569785	5.728598	-7.535131	-3.778229	92.493618	1406.409161	
0.527821	1.885947	-0.267428	-0.337120	97.575297	2530.039402	
0.534054	-2.567449	6.632243	3.556218	95.522858	2616.808283	
0.583392	7.854486	2.106472	-5.175760	93.396107	1389.419716	
0.540258	-7.358619	4.063948	-1.031295	93.650504	1261.487887	
0.598766	-3.914666	-4.045810	7.814611	93.766532	1886.124692	
0.611281	-7.819797	6.319296	-1.064284	91.756691	1484.465657	
0.577029	2.838877	6.649999	1.972383	93.667892	1352.944370	
0.561517	-8.313543	-3.064246	1.176676	94.385636	2723.753879	
0.475932	-4.866399	2.624267	1.264490	95.819776	2463.410957	
0.592779	-1.049138	3.203700	7.460499	93.257895	1418.022125	
0.629955	-7.735306	4.810308	2.257703	92.296322	1507.318055	
0.581678	7.348906	-2.618639	-5.788688	93.347684	1438.950762	
0.591120	0.443808	-1.674525	8.697545	94.870894	1424.346212	
0.638969	1.990404	1.153046	9.416427	92.232023	1542.756294	
0.623698	-0.212079	-0.311002	-10.430092	93.578030	1506.753130	
0.455828	-3.341153	0.299476	-0.560425	96.438824	1494.277485	
0.624880	7.769581	2.551162	4.726487	92.173588	1503.437805	
0.666680	-5.266646	-4.906760	-2.882273	92.366601	1548.134398	
0.552530	4.836515	1.960846	-7.815331	91.926686	1360.535921	
0.457664	6.081146	-2.490979	-0.572866	95.247333	1532.738199	
0.539456	-7.443163	-1.081958	-1.204472	93.764581	1292.684621	
0.533659	-4.651121	-6.625075	-4.754805	95.239491	3130.383334	
0.459835	-0.108192	-1.615983	6.956880	97.342879	1968.660061	
0.650469	3.592539	-3.923338	5.966725	95.184679	1519.001422	
0.595144	5.029196	-5.815235	2.907019	93.591570	1399.002122	
0.556975	-3.300299	1.504247	0.649484	95.358778	1257.677775	
0.608365	2.451893	-1.814068	-8.201951	91.612958	1423.236637	
0.622096	-0.113941	-7.136515	6.367506	94.282460	2407.338357	
0.502688	-3.576620	0.985822	-5.823305	95.801195	2078.301953	
0.542877	-5.355397	-6.031010	-0.845662	96.009356	4913.878461	
0.644945	-2.829812	-4.012714	-4.340544	96.634664	5559.231228	
0.519447	-1.658540	-0.403317	8.246523	96.530319	6244.850768	
0.622566	-7.451962	1.282978	3.171956	93.470918	1484.192180	
0.534206	1.372632	5.067875	-0.358352	96.713704	2145.759147	
0.557411	-1.951618	-0.514092	3.042975	94.591826	1229.340704	
0.597925	8.565632	2.663067	0.676302	92.651147	1438.589572	
0.529590	0.955215	2.671362	-3.431812	95.152499	1655.971458	
0.519884	2.112584	5.026472	-2.880187	98.625457	1190.667223	
0.513614	-0.496329	7.828428	6.440315	94.391419	1732.337510	
0.564027	2.646502	-6.538488	6.407350	92.387265	1363.078826	
0.571020	-6.899331	3.298659	-4.095963	93.232119	1392.038888	
0.509232	0.631937	-3.390377	5.383696	96.395202	1175.036333	
0.550196	4.564210	7.855091	4.084842	95.268804	1783.033740	
0.562904	3.786207	-2.894498	7.300138	94.241013	1323.062177	
0.433472	-3.788268	-1.998965	-5.036484	96.769134	1474.161213	
0.566873	-2.246660	-3.208220	1.035927	95.990787	1247.569635	
0.543147	8.517841	-4.876172	1.625119	92.732000	1348.200269	
0.740831	-1.763330	3.410879	7.876423	93.850071	2607.367074	
0.624833	-3.346665	4.925793	1.935912	96.545463	2300.321034	
0.584601	5.031236	-2.984065	-8.354132	93.705953	1441.389467	
0.522533	-3.492557	0.485561	2.412471	95.931513	3003.160318	
0.626727	6.419038	2.366345	6.417039	96.218717	2401.019426	
0.602227	-5.742264	-4.250859	0.674019	95.072031	1396.493475	
0.490450	-6.670724	3.035556	-3.196847	93.793866	1171.789911	
0.510107	-3.960442	-6.573871	-0.959912	95.417406	1176.411558	
0.557079	0.613264	-6.655622	-2.078663	95.026620	1315.548777	
0.543305	-2.565153	3.965502	-4.115658	95.580751	2162.557404	
0.439536	-3.870282	0.066034	-0.867834	96.233755	1022.245130	
0.699791	0.643776	5.330799	7.419132	93.164453	1655.634418	
