1.112766	-6.077228	2.979261	3.175542	
1.112155	-0.767636	1.512272	-0.066052	
1.190732	-7.473465	6.482495	-0.465491	
1.172377	-3.148079	1.822129	-0.777237	
1.187974	-1.563096	-2.081034	-3.159985	
1.170164	-2.751673	0.214471	-6.540827	
1.140933	-1.386949	3.015724	1.486180	
1.194629	-2.766958	-8.343459	0.801229	
1.153566	3.015334	-4.800293	3.831865	
1.147018	-0.142526	-5.348943	-1.350088	
1.126745	-2.415350	8.207067	0.377094	
1.168728	9.830627	-0.453894	1.538226	
1.108216	5.008607	-5.750743	-2.090486	
1.169756	-5.650064	-1.653883	4.820775	
1.115930	1.876278	6.782877	-6.447361	
1.126853	-4.780075	-5.657249	-6.372141	
1.139860	3.473552	-6.113434	5.535592	
1.161277	-4.900707	0.627812	2.622133	
1.153564	-1.149257	-0.634410	-0.058165	
1.110688	-2.804344	1.624487	0.762701	
1.137917	-4.395519	7.988273	-0.321938	
1.149463	1.695317	-0.303773	3.192478	
1.128158	3.444086	3.116027	-2.785974	
1.129245	-6.260182	0.625452	-1.236430	
1.179721	3.737317	1.688789	0.688917	
1.176356	-1.168283	7.935806	0.008566	
1.159435	-0.070574	9.216826	-0.251191	
1.173139	2.171167	0.251544	2.472256	
1.159252	-0.277449	-2.264795	8.057280	
1.189115	7.948840	-0.947187	-2.738825	
1.103252	3.555991	-0.513410	-3.075493	
1.195423	5.426675	4.964333	0.571226	
1.101702	-1.657354	-4.120365	-6.398839	
1.145410	-3.182367	3.450835	1.975200	
1.165128	2.591447	1.883649	-0.952148	
1.144842	0.597054	-1.694569	-9.622678	
1.144183	-0.309384	-7.180780	-1.443298	
1.163472	-0.784883	8.867663	3.469207	
1.103398	0.261257	-4.720644	1.173934	
1.156839	-0.816622	-2.207603	0.231893	
1.169764	-0.313198	3.504043	-1.532837	
1.168377	-2.779743	-0.049950	6.508018	
1.195043	-1.680774	-4.346544	-7.178970	
1.197666	6.267477	3.813026	3.312538	
1.124888	-4.450901	5.980278	0.152894	
1.121938	-4.927091	4.640489	-0.484327	
1.152662	-5.322319	0.750366	-3.970147	
1.120397	5.626780	7.404972	-2.925031	
1.144600	-5.448538	-6.603028	-4.608396	
1.120908	8.651912	2.736504	1.523405	
1.138929	-2.885798	-1.459909	-7.133323	
1.106450	-0.673617	-2.285865	-6.100836	
1.186735	0.030551	3.673871	8.204350	
1.196777	7.870064	-0.216290	3.494665	
1.179893	-7.226405	-1.405301	0.890963	
1.136917	3.431277	2.215638	-0.440592	
1.174207	-0.713630	-3.293415	5.261704	
1.164995	-1.938537	-7.246289	6.167133	
1.188474	-1.408295	-5.462256	4.635838	
1.172553	-3.212881	1.826474	4.381782	
1.120810	-2.922496	4.765368	-6.305891	
1.191125	2.248649	5.348535	-7.268606	
1.175109	5.289043	2.750166	5.030109	
1.108172	0.939121	-4.610842	-1.950965	
1.136007	6.614021	6.282608	2.544464	
1.137694	1.489268	6.861992	-2.313309	
1.149765	-5.757965	2.424628	-5.990655	
1.101306	-3.715071	-1.527902	-2.684719	
1.187856	-9.190926	-1.194013	2.774391	
1.127723	-7.028624	-0.890212	-5.874924	
1.110768	2.391083	-1.213849	-5.259178	
1.150384	6.650085	-6.261675	3.591118	
1.197867	-3.456813	-6.615773	0.203582	
1.132681	0.298341	3.675093	0.579119	
1.108285	-2.398418	2.192569	4.565279	
1.186067	-6.054880	4.505193	-4.363832	
1.111239	1.783801	-1.737948	-7.487137	
1.103358	-3.272914	6.232758	0.736061	
1.151360	6.369548	-4.450725	0.120673	
1.197762	6.722989	6.460928	1.042159	
1.106035	7.734727	6.097843	0.429796	
1.187284	-2.506274	3.095007	1.469089	
1.149441	1.098175	-3.756258	-5.916991	
1.102223	8.852511	-1.864737	-2.380975	
1.185768	-1.684988	-6.831993	-3.580232	
1.166657	6.528903	-4.842713	1.869195	
1.196963	5.494195	-1.650387	-0.451155	
1.176997	3.637894	4.407131	5.485785	
1.100733	6.728111	-3.799920	-4.147627	
1.137511	2.720981	-3.337911	-0.766266	
1.103039	-2.889814	1.456258	2.109167	
1.159532	-1.983170	5.839011	1.271701	
1.166123	-3.409699	-4.698141	3.708105	
1.148665	-8.562277	0.669408	-1.429482	
1.162940	1.705469	-4.093129	8.885939	
1.168931	0.474420	-0.929991	-5.900623	
1.102944	-0.221072	3.241398	-8.075360	
1.152542	4.443393	-2.485292	1.918477	
1.147690	2.215255	-6.214303	-3.082760	
1.103630	0.713076	4.776296	-6.261390	
1.133324	3.306335	-2.152738	0.958805	
1.186585	-4.591941	-6.748784	-5.517390	
1.160441	7.055978	0.158569	2.099343	
1.131015	4.255316	-3.760254	-1.967360	
1.180031	-3.340706	2.929736	-4.835125	
1.157436	1.547515	-5.246481	5.863085	
1.153600	0.401971	4.004745	-6.258235	
1.138223	3.899005	-4.768954	-0.634587	
1.115266	-0.803384	-2.956306	1.250291	
1.117288	0.467867	-8.995708	-0.344358	
1.192039	1.215904	-5.475090	4.897885	
1.139448	-4.825102	1.524445	2.115906	
1.174554	0.222992	-1.489918	-6.646615	
1.100247	4.644172	-2.439113	0.043098	
1.169360	3.410947	3.951634	7.282326	
1.187439	-1.704986	-4.375696	-2.831766	
1.168573	-4.493528	-8.201772	3.415995	
1.189025	-3.350819	1.460702	-0.475735	
1.186058	5.060091	-1.558448	3.618515	
1.106272	2.352270	-6.231615	5.521883	
1.144942	-7.817023	3.756298	-1.273391	
1.198571	8.876563	0.762901	-2.841051	
1.107879	5.008306	-1.651496	6.275181	
1.112766	-5.990257	6.014022	0.181482	
1.123984	-2.759789	-4.138065	-4.071073	
1.169774	5.155982	1.645945	-3.350650	
1.119678	2.615488	0.978996	1.657528	
1.177199	1.115524	-5.798241	2.614299	
1.162354	-6.716855	-4.491739	0.937334	
1.129781	-1.569857	-7.177012	-6.549140	
1.194722	-5.358305	2.323003	-5.009411	
1.184291	5.685557	4.309823	5.514258	
1.149269	-0.689711	-3.396839	-7.646530	
1.113411	-8.997578	0.180261	-3.635648	
1.168786	-2.274558	-2.428603	1.459337	
1.113602	-1.281802	8.702433	1.906979	
1.192505	5.101548	5.545083	-2.102895	
1.146217	3.680007	2.620318	1.101388	
1.186058	-1.728781	-4.381065	-4.994078	
1.104273	8.652668	-2.175595	-2.193628	
1.143860	6.063113	2.296654	-1.489967	
1.165185	-0.144169	5.993340	-2.076870	
1.175163	-4.702208	-0.161985	0.181714	
1.104764	2.861376	-8.438331	4.331272	
1.161399	0.602461	1.783216	-0.276855	
1.177835	4.698859	-1.741875	1.175682	
1.193781	4.745051	-7.990452	-2.645019	
1.107245	-5.073676	2.268168	-6.475708	
1.152506	3.674760	0.614980	4.616113	
1.168101	-0.719542	-6.186806	-3.928373	
1.181655	-1.532111	2.920515	8.286127	
1.135389	0.849167	-5.018432	-3.798365	
1.172466	3.010388	-3.889625	4.156732	
1.138652	3.068861	-3.250885	-4.634364	
1.193863	-5.147485	-2.475391	-2.483795	
1.158971	-2.633440	4.419523	-1.104986	
1.111427	1.406956	-4.905262	-4.954074	
1.125855	7.495409	4.874444	-4.446520	
1.118371	-6.212911	1.824305	5.855689	
1.166078	-1.018882	7.923657	-2.146877	
1.169115	-0.888515	5.019888	3.329053	
1.101453	-1.308898	-6.074525	-4.773732	
1.191638	-2.814204	8.103048	-2.912166	
1.126034	4.125165	2.110515	-7.424036	
1.170365	5.075176	-7.745645	1.876581	
1.135494	2.954111	4.653369	7.064614	
1.181464	-3.031917	-2.682293	-5.579000	
1.109406	7.784774	2.406777	-0.174577	
1.140790	-3.988854	2.444552	0.741672	
1.186555	-6.488828	5.362679	0.791450	
1.188579	-0.623641	-6.492314	-7.439137	
1.127616	8.016383	-1.133521	0.425566	
1.198074	4.064601	-6.044717	2.766279	
1.192562	0.535865	2.483773	-3.270575	
1.100119	-1.163830	5.561608	-4.502607	
1.111444	-5.094798	-8.366619	-0.976899	
1.156825	1.512888	-4.120011	7.647129	
1.186301	2.623967	-2.170519	1.947585	
1.167661	4.375847	-3.022616	4.636671	
1.154601	-5.739042	2.370573	3.400502	
1.199370	-2.999305	-3.799837	5.338870	
1.137318	-4.048332	-3.777890	-0.844359	
1.104346	3.256555	2.286336	3.390512	
1.138401	-0.389559	6.150738	-5.633958	
1.137688	-4.447849	-3.721148	3.623437	
1.126625	-4.611072	4.069311	0.601846	
1.178677	-4.211377	5.676287	5.173264	
1.127121	2.016301	-2.541259	1.514249	
1.158737	-7.640015	-2.760047	3.700816	
1.153274	-1.260261	0.585944	7.010830	
1.111074	3.865052	6.993139	5.763143	
1.115604	4.403326	5.288060	4.554959	
1.126930	7.430603	4.013573	3.517232	
1.192850	-6.833114	1.378770	6.405109	
1.185025	-0.556686	-9.732072	-1.861749	
1.100108	4.250031	3.499595	-0.789872	
1.119363	2.953404	1.059652	4.219668	
1.122262	0.031842	-3.440299	2.938670	
1.193569	-5.173737	5.240543	-1.339336	
1.133985	-1.259885	6.829961	3.617221	
1.134218	7.871083	3.054321	-4.261320	
1.105852	-5.503630	-0.061967	-6.560290	
1.123191	-2.198665	-7.580480	-3.345410	
1.108515	-2.538414	-7.420363	-0.928631	
1.195120	2.312088	8.602166	0.837427	
1.141607	-3.323124	-3.513823	7.270393	
1.109183	-8.230380	-2.178816	-3.154695	
1.151441	8.041323	-2.123302	0.144758	
1.118499	0.926752	-5.642058	6.082905	
1.153846	3.328802	-7.862343	-4.193880	
1.143789	-0.615271	0.469488	0.271056	
1.156526	4.417931	-4.690815	-0.576427	
1.144196	3.809291	-1.332100	-6.646398	
1.162580	-5.186743	-2.480895	-7.804646	
1.120521	8.568994	-4.688644	-1.174497	
1.195851	0.329311	8.709910	-3.397780	
1.199350	0.013306	7.323921	2.493747	
1.144886	5.168532	-6.061902	-2.205392	
1.183183	-2.152019	-8.884890	1.165199	
1.180968	-4.974608	3.593004	-4.564290	
1.103732	1.619063	-7.599637	0.533465	
1.177271	5.758886	-1.796627	-1.349251	
1.164178	7.036638	-1.826862	4.228020	
1.100906	-2.517610	1.076382	-5.255613	
1.103417	-1.743952	-4.435216	8.646105	
1.168474	2.787728	-6.570699	-5.930201	
1.132773	-2.593046	3.625068	-1.212656	
1.100676	7.409295	3.479624	3.370765	
1.167391	-1.729758	0.400936	6.296767	
1.144016	7.751413	3.117161	-3.589365	
1.192269	-8.955801	-3.328151	-2.070108	
1.131669	-1.263858	7.382322	-3.267625	
1.127225	4.084363	2.738969	-3.837547	
1.165971	-8.236638	1.400643	0.656276	
1.114016	7.351693	-3.854983	2.931297	
1.163497	-7.752372	6.013940	0.529462	
1.132297	0.065809	-3.391761	5.795410	
1.182061	-3.771459	-2.823951	1.762274	
1.152876	0.374292	-2.356332	1.933207	
1.108144	3.173575	-2.975675	3.833392	
1.126871	-3.002862	6.675405	2.371750	
1.163674	-0.069407	-0.555896	4.280477	
1.127672	5.918782	-1.917927	-0.888667	
1.105117	-4.248126	-1.309466	0.414928	
1.106162	0.727296	-6.971339	5.011481	
1.191824	7.290975	-0.874301	-3.117820	
1.129190	7.511306	-5.564669	-3.134254	
1.152349	-3.149553	-6.709888	0.016701	
1.166094	-7.900302	3.704988	4.811379	
1.142784	-7.855475	1.616884	3.430311	
1.105053	-4.075543	3.953122	-5.917870	
1.130279	-1.205434	-6.235186	3.804482	
1.171915	0.813072	2.575439	-3.582786	
1.197240	-0.554277	1.062864	5.319844	
1.138661	-2.543952	-0.082790	7.781284	
1.162496	-3.386153	3.990650	7.931402	
1.141408	-0.050493	7.190935	0.196027	
1.155406	4.907119	6.806537	-2.228679	
1.131526	1.503630	6.053343	-5.509725	
1.123461	-0.283047	-2.047483	-1.700061	
1.173742	1.406666	3.135438	-2.488061	
1.197611	1.865604	-6.065679	-2.474481	
1.142812	4.656340	7.616125	4.451291	
1.126426	4.262104	7.404106	3.821026	
1.195790	2.224326	1.260887	4.503952	
1.110586	7.974910	-4.469107	3.444980	
1.159838	-0.101492	-1.257935	-8.642241	
1.185180	3.760633	-4.887831	0.013282	
1.186296	-6.828521	-1.227998	-3.200746	
1.107288	4.319684	3.844290	7.586332	
1.127479	-2.934818	5.843655	-3.030540	
1.107303	3.412624	-0.439308	8.462530	
1.144349	4.592024	3.120945	2.980875	
1.137459	0.136787	-3.604133	-2.787904	
1.197326	-6.774292	-4.016416	-0.201705	
1.138355	3.048810	6.809259	3.196347	
1.186432	-0.302353	2.397046	-7.026458	
1.164760	5.139045	-0.938687	-0.257829	
1.112293	6.440993	1.966239	5.066605	
1.151261	-0.345798	-5.394319	-2.419439	
1.100535	7.653097	5.265270	0.203126	
1.105985	0.052608	0.798816	9.121290	
1.197996	0.325960	-2.771981	1.644852	
1.176224	7.508751	6.174902	-1.530068	
1.129469	-5.030330	-3.592272	-0.269035	
1.165663	0.452221	2.776122	-9.534182	
1.134991	-8.258151	5.248116	0.901044	
1.124479	4.540438	-3.895873	-5.405231	
1.197931	-3.408861	0.179940	7.954722	
1.184517	-2.185428	0.650285	-9.422435	
1.127490	6.051023	7.218365	0.090377	
1.176642	-2.572916	6.304915	4.541296	
1.110700	4.795778	-1.643922	-6.533623	
1.155614	1.590272	-6.924757	-5.887317	
1.132496	5.781356	-5.793183	3.536131	
1.164592	-0.110785	-5.729366	-4.384570	
1.160241	-2.422914	6.148617	-1.990301	
1.195240	4.599769	-4.964360	-5.934370	
1.140029	2.615013	-4.953292	2.710223	
1.167423	-0.046440	-2.452823	-8.083724	
1.135790	4.969259	-2.233188	-1.597126	
1.115880	0.080216	0.317539	8.696914	
1.192269	1.545716	-3.841350	-6.595367	
1.100983	1.689308	-8.379951	3.891972	
1.188297	8.238301	-0.138480	3.026344	
1.161986	-4.942721	-4.264508	0.128600	
1.135681	2.147037	-4.753439	-4.331261	
1.145479	-0.515126	0.444374	-9.188751	
1.168908	4.602418	2.920363	3.156107	
1.111188	-5.784090	3.597319	6.127834	
1.113073	7.490108	-0.363790	1.443660	
1.184937	2.613718	-5.770895	-1.604459	
1.183155	4.474626	6.012607	-2.794379	
1.191689	6.121694	1.457542	-6.524594	
1.193281	-6.557089	2.175139	7.094703	
1.161842	-5.730736	1.467731	-8.049098	
1.101099	-6.199299	-3.256539	-2.685934	
1.170287	-3.731713	-2.520631	5.706080	
1.132189	2.964731	-8.125363	-4.493394	
1.127006	2.102338	-8.594237	0.140422	
1.189406	-3.610727	-3.252370	-0.199477	
1.140960	-2.368646	-2.913646	-4.974000	
1.187533	-0.086602	0.443726	2.150631	
1.173015	-3.612935	0.375847	3.613180	
1.179554	-0.497052	3.152063	8.652485	
1.110213	5.756475	7.139621	3.924010	
1.145320	-1.347718	0.243737	-7.628211	
1.100880	-4.131961	-1.384299	1.498500	
1.151976	-4.932148	1.873356	7.729870	
1.134285	4.453633	6.106304	0.373734	
1.149522	5.141733	-0.362512	-0.710890	
1.116693	0.611469	1.684367	-6.111229	
1.118313	-0.782948	-8.847496	1.779109	
1.177256	1.732410	-4.115543	6.037113	
1.164493	-3.565526	-0.175428	-5.681054	
1.188320	3.486771	7.117461	-2.252194	
1.159574	-2.265523	-3.915269	-5.843920	
1.148595	-0.766638	-4.682954	3.886275	
1.167748	4.592697	8.114656	-0.918742	
1.117605	7.256347	1.922943	-6.462354	
1.169063	-9.012651	-3.161193	0.450006	
1.166529	-2.824072	-3.502985	-5.887648	
1.161074	-6.330128	-3.035827	-1.415841	
1.182535	1.601321	2.886706	5.815987	
1.116896	-1.322110	-5.658041	-4.973305	
1.168145	5.191140	-5.517986	2.706542	
1.164459	3.308971	7.956480	2.271845	
1.133187	6.884701	-1.096478	-1.825100	
1.166128	7.314717	-4.086057	2.889245	
1.117785	2.910765	4.330208	-5.749832	
1.138311	-2.544477	7.447433	2.280681	
1.137611	-6.243404	-6.347781	1.740161	
1.124778	-0.177366	0.477924	6.767705	
1.118157	-1.156963	-4.349464	-5.349294	
1.162393	0.025012	3.550225	-6.839417	
1.145635	-3.714482	-8.966987	-2.357398	
1.151825	-4.034906	-1.704771	5.005226	
1.145949	5.025861	3.783472	6.460321	
1.191825	5.089791	-2.407441	6.535975	
1.111649	-0.914525	-6.416333	-6.279833	
1.169263	2.750912	3.984221	-6.606532	
1.183639	-2.417802	-4.870133	1.942541	
1.135908	1.255748	4.872477	-7.325800	
1.165487	-5.542490	-2.517395	3.882729	
1.175962	-0.305855	8.863190	0.365321	
1.104053	-5.594100	-3.101933	2.550180	
1.111246	3.585399	-4.184110	6.210357	
1.175713	6.350381	5.595998	-2.874507	
1.182002	7.444920	4.376262	2.250932	
1.154353	-0.733248	6.989430	3.675404	
1.118279	5.349715	-2.168341	-5.955722	
1.137987	0.983190	-1.563584	-3.804845	
1.140094	-6.035770	-1.090643	-7.395550	
1.195629	-2.982440	5.151694	5.689775	
1.111531	-3.102569	6.167166	-2.159864	
1.125732	8.004851	1.713051	0.004927	
1.194546	4.782716	-7.611308	-2.429406	
1.161518	-2.899219	-2.225994	4.026947	
1.142044	5.108648	-5.652548	-2.250503	
1.151947	7.653538	3.050201	-1.233463	
1.154373	-4.801818	2.653890	-7.743225	
1.114621	7.810034	-1.787305	-3.699288	
1.117233	-4.667031	-0.932648	2.224211	
1.144027	-4.010078	-0.481690	4.597760	
1.100138	-2.164658	1.408553	5.287427	
1.131120	4.825945	4.984322	-1.272605	
1.169824	-9.407760	0.858068	0.019700	
1.121520	5.100959	-2.103114	-1.152490	
1.105118	-2.675387	-1.837013	-8.016069	
1.104078	-7.604259	3.024151	-0.329126	
1.190963	-5.815610	-4.709305	-2.635733	
1.129839	3.091929	3.598771	3.538198	
1.129724	-0.359307	7.719869	-6.050537	
1.138470	-3.409642	7.319688	1.957768	
1.165878	7.409700	-1.865317	-2.080974	
1.105560	1.978550	0.336980	-8.939584	
1.192215	-1.340724	-4.158452	8.081938	
1.192243	-6.317308	5.714958	-4.406849	
1.185087	-7.661437	-2.589230	-4.466657	
1.145910	2.685051	0.549834	-4.195970	
1.199549	5.630617	6.284835	-4.917116	
1.184869	-0.848576	0.646402	-4.988848	
1.115581	-6.663578	-1.624168	0.122180	
1.199494	-5.284498	5.032743	-2.044671	
1.119820	-5.394686	6.508018	-0.390262	
1.142872	0.769428	-5.811840	-3.044113	
1.113479	6.167970	1.114489	-1.568250	
1.199653	5.062630	-3.003904	-5.399209	
1.169376	-3.542025	4.751432	-2.392490	
1.156750	-2.444276	7.114279	-3.992934	
1.191126	1.593757	2.556087	5.500142	
1.186874	-2.313149	0.512004	-0.303432	
1.170215	-6.041619	-7.730408	1.364038	
1.198629	5.224763	6.021085	-3.717191	
1.158309	8.117485	2.035459	2.579374	
1.101006	2.489864	-3.778822	8.323126	
1.160117	-6.146345	-3.582711	-0.585158	
1.172404	5.740407	0.152770	-1.879969	
1.118306	-7.078016	0.188440	3.165193	
1.122468	0.261829	-5.271218	-6.858086	
1.140355	-0.624039	0.731677	8.729525	
1.182764	7.546616	0.452548	3.007876	
1.182035	-4.289607	-1.714112	-4.630470	
1.150542	5.997500	-1.577665	0.035213	
1.172914	-0.919599	-7.417861	5.248897	
1.122699	5.933074	2.644025	1.255862	
1.168634	7.052755	-1.471289	-2.389889	
1.130106	-4.790846	1.110524	-4.024015	
1.161718	-7.426396	1.548975	1.066643	
1.127628	4.706429	2.317111	4.481415	
1.191910	-8.105141	3.577233	-0.399125	
1.143918	-5.617574	-1.166953	6.777437	
1.166502	3.322415	-3.062303	-8.525283	
1.183830	-3.198308	5.544818	4.129323	
1.126322	-4.720866	-1.865637	-6.499143	
1.136234	-0.853758	-2.686782	-3.504412	
1.117533	3.726111	-4.380547	-4.773242	
1.177854	0.692742	3.377984	8.725964	
1.159856	-5.326030	1.715876	2.670365	
1.196096	-6.841246	-2.149753	-0.054207	
1.102830	-0.562981	5.974094	3.822412	
1.102240	3.052077	2.248148	2.923479	
1.145406	-5.703010	4.959752	-5.177818	
1.111730	-0.511135	-9.201058	-0.119892	
1.125984	0.211666	-9.390638	-1.038996	
1.109588	-3.578182	-7.071006	5.191875	
1.183637	-7.734512	3.191783	2.975929	
1.105010	1.734641	-8.811056	2.962571	
1.186739	0.217279	3.983000	4.325683	
1.168758	-5.660532	-1.123651	4.601867	
1.130182	3.665225	-4.571573	3.858053	
1.183250	-8.729155	2.904705	-1.274021	
1.191457	6.588349	3.107096	-4.181422	
1.168064	-7.104449	4.652059	4.247172	
1.149633	3.087551	-0.564741	-2.157128	
1.144112	0.993017	-3.424741	1.785219	
1.164827	5.133199	0.385691	4.152628	
1.141908	-1.788296	-6.411222	3.370176	
1.177347	1.489075	-3.211731	7.994414	
1.163818	7.966421	-2.426748	5.156752	
1.161880	-1.083036	2.552334	-4.871344	
1.109783	-7.621814	0.301484	-2.481745	
1.163567	-6.544754	2.389703	6.849105	
1.120822	8.666307	3.190876	-2.240393	
1.113314	0.205888	-6.548580	2.443678	
1.198183	4.221962	6.236096	-3.099224	
1.122674	0.462248	-7.030783	0.848955	
1.125923	-2.874537	-2.237306	8.821930	
1.131131	-4.194587	-3.031338	2.048675	
1.197904	-6.970809	-4.143130	1.682446	
1.119931	-1.725372	-1.238154	-3.240585	
1.165754	3.587358	3.203331	4.805341	
1.170427	2.880147	-5.180448	7.736356	
1.153234	0.325520	4.490174	2.990944	
1.176066	-3.594838	5.506661	1.524460	
1.152571	-5.457502	5.167052	0.075874	
1.135836	-2.056361	-7.525334	1.993136	
1.185599	-6.991595	-2.438317	2.539914	
1.121955	-3.947186	-5.594848	5.113223	
1.184686	5.445407	-4.843418	6.257609	
1.133520	3.138844	-7.618351	4.702289	
1.113114	5.467716	-2.831892	2.548570	
1.153668	2.782090	-5.620589	-4.810663	
1.109558	-3.309925	-1.806779	8.523816	
1.119241	-0.992553	0.726131	7.050574	
1.193606	7.280873	0.629591	-1.398178	
1.124926	-1.639303	7.458594	-3.541249	
1.136446	1.724558	4.580201	0.786766	
1.101206	-7.694625	-1.407871	-4.785451	
1.147914	8.551927	-1.963027	1.874907	
1.194806	6.792583	1.562784	-3.209905	
1.149145	-4.093280	-3.518657	-2.505783	
1.174425	1.234910	-1.464627	0.259150	
1.139366	-3.696526	0.415806	-1.960533	
1.116827	6.727687	-4.857949	2.363629	
1.174275	-5.616875	-6.177963	3.442759	
1.155328	-0.354091	1.788943	-4.273801	
1.147811	4.213363	-5.098782	1.910387	
1.145293	3.612716	7.031533	-1.517698	
1.180662	3.280020	-6.215371	1.409596	
1.126233	-3.235164	2.036365	3.985383	
1.151314	1.803139	-7.730213	1.202190	
1.197199	0.782544	4.631354	-4.296905	
1.147472	7.439925	-4.972687	3.117487	
1.197092	5.740309	-3.273465	4.301875	
1.162785	-5.541763	-4.814846	-2.535918	
1.156975	-5.132787	-6.126888	0.044021	
1.143178	-1.498842	7.818493	-5.394722	
1.135731	-3.487851	-1.401292	6.366172	
1.186906	2.990710	5.468353	-0.559816	
1.196405	2.473987	7.386875	-0.111473	
1.103399	-4.888516	6.372347	1.015240	
1.128017	-8.385111	-2.263750	4.422837	
1.198491	-6.160110	-2.449942	-4.573413	
1.194335	-5.345581	-3.798763	-6.436323	
1.145679	-2.496463	-3.621766	0.670158	
1.128454	-6.440563	1.207542	5.561114	
1.158710	2.181483	1.036167	0.495616	
1.195161	3.989402	4.150907	3.082369	
1.165070	-1.861573	9.220346	2.586123	
1.177813	-6.840377	-2.355431	4.896066	
1.166990	8.132503	0.863968	-4.340932	
1.153506	0.016349	2.346619	6.700972	
1.141197	-0.057975	-2.723848	-7.157069	
1.138174	3.051736	2.133446	-2.160507	
1.132756	-0.668056	3.946449	0.717758	
1.167260	-5.730562	5.043541	2.804893	
1.172587	2.754677	-2.600000	-8.702468	
1.143969	0.471237	-7.989077	2.359621	
1.168829	-6.344760	-4.441401	1.954751	
1.151429	-0.061076	2.472855	-4.469875	
1.134376	-6.217458	-5.261073	-4.409034	
1.155254	0.356940	5.960394	-7.351013	
1.186634	-2.785951	-8.150443	5.005457	
1.112237	3.526472	1.391561	3.361477	
1.139555	-8.582542	-1.629998	4.044940	
1.139661	-2.181658	6.049106	1.295579	
1.139485	0.096973	-0.129866	-0.263454	
1.179664	-0.531587	-3.965122	1.298168	
1.121689	-0.544656	-0.845528	5.740004	
1.126793	0.349842	5.509032	-3.851477	
1.104733	-1.188378	-9.605446	-0.499737	
1.166728	6.753297	0.964553	-2.596741	
1.199998	8.766350	1.058235	-0.594936	
1.130245	-0.468482	2.093288	0.885988	
1.156226	0.287117	-2.845674	-2.449053	
1.108109	3.342393	-5.799418	-4.207518	
1.103512	-7.617183	-0.062099	-2.001881	
1.107525	-0.154605	-5.809810	5.643474	
1.101481	0.264969	-1.337529	8.877713	
1.174134	-2.657302	8.403304	1.154156	
1.126261	2.483248	-7.625606	-3.174867	
1.110576	-1.208013	-9.019250	1.360707	
1.169681	7.292045	6.582971	-1.140032	
1.120298	-5.701030	5.789107	2.295847	
1.188283	-5.373304	-1.807047	-6.750218	
1.156302	4.528191	0.870768	1.228265	
1.183618	-5.574308	-2.713112	6.883487	
1.103183	-1.242445	0.176673	2.007127	
1.168757	4.868691	0.425582	-8.165091	
1.174150	2.326658	3.662047	8.914156	
1.155330	-0.466260	1.533289	-3.674259	
1.108570	-7.383528	1.530714	6.096099	
1.173921	-8.168607	-4.764220	1.503118	
1.117682	-1.975989	-3.035618	8.263945	
1.114275	1.903594	-0.615158	-4.751309	
1.157534	-3.053970	-4.160705	4.776348	
1.116158	5.324535	-3.749497	6.543529	
1.171575	-2.617054	1.639749	-4.058084	
1.193853	-5.186393	-4.738720	-1.890147	
1.157564	4.507977	-2.256828	2.015228	
1.176915	2.566009	-0.091073	-3.690682	
1.142910	4.666696	-1.128601	-5.105862	
1.178094	-1.652185	9.657538	-1.318811	
1.155257	-2.699426	-8.419066	-4.626280	
1.114929	-0.647437	6.267023	7.367382	
1.108694	1.663708	-7.510912	5.194460	
1.198123	-1.039916	-1.845758	-3.558961	
1.175489	-1.320385	-4.563601	-4.018726	
1.178055	-3.850544	-3.186688	-7.204218	
1.174505	-0.014689	1.592500	2.510488	
1.154473	1.164490	6.471959	1.045248	
1.114264	1.862387	-0.390049	0.464809	
1.184543	-0.876471	-0.712349	-1.576436	
1.117643	-1.105411	9.833310	-1.152830	
1.180868	-5.923525	3.173651	4.582791	
1.164485	-2.503087	0.319442	-0.401299	
1.113541	-7.838064	-1.488969	2.587203	
1.120602	-5.996217	-4.628202	-6.173631	
1.102082	2.662343	-0.808734	-1.732203	
1.111192	0.275507	-4.703057	-2.767782	
1.121655	-3.153821	1.679403	6.277188	
1.191107	-5.631686	1.076019	-2.768841	
1.125505	-5.095161	2.862360	0.716637	
1.170909	2.451063	-3.840918	-6.557984	
1.121582	8.658584	0.749177	0.727431	
1.139996	2.629497	-0.453011	2.015901	
1.130114	-3.943770	-1.684849	6.807589	
1.190007	3.454487	5.191573	-2.545773	
1.167813	2.582370	-8.217305	2.332986	
1.141500	6.469500	-6.620172	-3.764657	
1.153901	0.988224	-0.186215	3.860681	
1.153935	-7.566355	0.673415	-0.291459	
1.158521	4.708768	3.896111	-7.771368	
1.110801	-7.246933	2.080588	-0.721343	
1.102045	5.309546	-0.603497	-4.674436	
1.125098	-0.804746	-7.020769	1.064573	
1.104084	7.519991	-4.211650	-2.130335	
1.176545	-1.959856	1.831658	3.678640	
1.142777	-2.919443	7.065155	-4.214412	
1.145235	5.122930	-3.206452	7.066664	
1.145568	2.981676	-3.269748	0.302168	
1.164340	1.287232	-4.349203	2.049882	
1.181488	0.031721	-2.051135	2.055558	
1.105352	5.471922	0.435670	-2.352610	
1.135253	6.500062	2.527468	1.082953	
1.188963	-5.442653	3.609133	2.649682	
1.183184	-0.155050	8.715604	-4.820504	
1.114492	-4.167686	-0.630213	5.124021	
1.147738	2.591430	-0.359613	-5.732402	
1.150781	-4.455961	2.639264	6.386224	
1.157612	-4.902107	7.435611	3.320983	
1.121713	-0.761293	-1.818038	-6.626420	
1.161223	5.473532	-1.832774	-0.202765	
1.135543	-3.177251	2.309982	-1.447042	
1.143316	-2.005377	5.435300	-3.785255	
1.179932	-1.300625	4.132282	-6.164690	
1.166592	7.650485	-2.548462	-0.769098	
1.123764	7.507748	1.684532	1.903458	
1.167635	-6.730791	-6.513486	0.628093	
1.137035	-6.405278	6.502982	-0.604365	
1.162674	-6.405447	6.992986	-1.462172	
1.169228	-4.804815	5.592070	-3.413224	
1.138141	-4.835873	0.231897	7.447591	
1.172476	8.839415	0.915033	4.317641	
1.142334	5.020699	1.923239	7.692116	
1.156407	-7.044298	-6.182967	-2.225453	
1.175843	0.761891	0.900555	7.327041	
1.178910	0.063261	1.232164	9.335515	
1.197165	-2.134829	-0.585674	-0.736820	
1.191932	1.516606	-2.840712	-9.177952	
1.113328	4.892501	0.619870	1.080914	
1.141186	5.502604	-1.053978	-7.669117	
1.159472	-6.009952	7.596262	1.595084	
1.150559	2.568010	-7.020192	-0.524913	
1.134018	4.401180	-7.493642	3.005997	
1.108299	6.456533	-5.682242	-0.628865	
1.100939	8.799821	-0.008456	-4.566374	
1.153057	-1.378280	-3.548083	-7.354787	
1.178645	5.008367	3.129932	-1.209023	
1.137676	3.003496	-0.452662	2.013540	
1.157108	-0.036644	-5.011208	3.086809	
1.171049	1.866684	5.017648	5.017603	
1.170744	-5.743039	0.256538	-4.176665	
1.181066	-2.532766	3.512663	-6.971342	
1.150628	5.475292	-0.451898	-5.821729	
1.131631	-6.668502	-2.841415	5.902104	
1.130497	6.134811	-3.669437	5.182006	
1.154001	4.543922	8.339583	-1.922908	
1.193651	3.219678	-6.754666	4.671179	
1.152183	-1.822572	8.301293	3.497767	
1.174977	-4.246875	9.017303	0.121944	
1.145390	5.588515	-0.534315	4.085943	
1.146649	-6.113130	-0.701521	7.073686	
1.159363	7.656428	-5.393459	1.485680	
1.181395	-0.440808	-7.895881	3.653336	
1.177283	-2.345681	-1.302950	7.225371	
1.137022	-4.027260	-5.914829	2.866544	
1.194269	3.516087	6.509618	6.302702	
1.175381	-7.445446	3.746180	-0.122509	
1.146732	-9.081684	-1.718429	3.271029	
1.173735	5.774272	-7.178484	-1.171864	
1.135942	4.925592	2.245658	5.912934	
1.194627	5.681235	7.054933	-3.272326	
1.129977	1.032623	4.399261	-2.187901	
1.160769	-7.293349	0.434176	-0.382327	
1.173428	-5.268526	0.291132	7.661608	
1.102901	5.368926	-2.472003	-5.538144	
1.170078	-1.846595	2.106487	6.398371	
1.155691	2.911734	-2.888782	4.605682	
1.179598	4.194263	6.953682	-4.494956	
1.113412	-5.148499	-5.633940	-4.836722	
1.164792	-8.956914	-1.715042	2.019987	
1.155718	2.691391	2.319743	-6.801422	
1.193542	-1.890244	-4.181799	-3.337357	
1.176334	0.188133	0.956035	2.811159	
1.192161	-0.332937	1.335553	2.269153	
1.137883	-5.254679	4.136915	-3.545887	
1.195583	-4.765120	1.348205	7.827393	
1.113655	1.072762	-8.324069	0.832833	
1.139511	6.019072	-0.865915	3.848686	
1.178200	2.725012	4.864706	-6.450984	
1.126031	-5.507698	7.453331	1.600293	
1.122205	-4.792511	-2.273607	0.168702	
1.159301	7.266757	5.887466	0.002456	
1.172953	-2.592573	-8.406561	-3.161281	
1.162506	5.145406	1.917392	-4.847513	
1.179721	-4.054172	-8.149922	-1.926309	
1.110856	0.195996	2.510120	-9.298828	
1.118803	-1.399142	6.014002	-3.415517	
1.147188	4.101943	2.338661	3.550828	
1.163793	-0.568157	-0.587348	-1.601508	
1.195114	4.330965	-2.210655	-3.686684	
1.101440	-5.177769	5.663988	2.999706	
1.129711	0.945259	-6.173348	-6.862366	
1.161159	-6.276471	1.915670	5.003549	
1.136753	3.570381	-0.695505	-4.251609	
1.150630	-5.211852	2.308766	3.333823	
1.128012	-5.505197	-0.186007	-6.001907	
1.152887	3.944710	4.227120	-8.148814	
1.102840	2.817904	1.419435	2.833194	
1.179244	-6.855126	-1.170367	-5.479665	
1.150266	-2.326093	-1.170773	2.124543	
1.128615	0.120510	0.821019	-4.004430	
1.168983	-7.292259	-3.415815	5.719664	
1.170334	0.986807	1.268675	-1.236526	
1.184436	-3.027066	-5.900363	-6.394569	
1.145043	-2.979312	5.817746	3.571135	
1.106395	-4.214144	-4.903346	4.648795	
1.197651	-2.889247	5.728521	5.049903	
1.145335	0.293760	-6.268983	5.109170	
1.166668	0.997863	7.210247	3.653606	
1.123540	-4.797491	7.170121	-2.801816	
1.166771	4.199215	2.968573	1.438455	
1.157602	5.004307	5.244570	1.666346	
1.121857	2.594842	1.485403	-3.577741	
1.170877	-8.114309	-1.300507	1.501196	
1.113547	2.400674	-4.043518	1.491848	
1.136045	-0.579908	5.029678	-4.828433	
1.181744	2.871712	-3.438776	8.818631	
1.172574	5.176965	2.537685	7.100079	
1.193319	1.597738	-6.351000	-1.897753	
1.199530	0.763535	-1.698505	4.504453	
1.185005	2.049835	4.768850	1.479533	
1.103545	1.820680	7.709084	0.513641	
1.138980	0.070028	-2.182999	-8.948854	
1.132656	5.653038	-0.194231	-8.004459	
1.179949	3.958470	-1.619831	0.046083	
1.117154	-2.149764	-3.601473	6.808941	
1.190238	0.800016	-2.169546	4.496230	
1.163096	-7.618242	6.038323	-1.512699	
1.193679	-8.618512	0.230738	0.107065	
1.185219	-0.247834	7.325946	-6.211572	
1.129348	1.262982	-5.508610	-5.028291	
1.168493	6.094073	0.621669	-1.405911	
1.149298	-4.493834	5.457697	3.884519	
1.132166	4.744126	1.333837	-2.525949	
1.101418	6.962204	-3.832826	-4.116885	
1.167872	4.964427	4.054537	-6.812238	
1.138782	4.271280	6.644278	-0.981871	
1.106285	0.688888	-5.123128	2.601118	
1.199690	3.621886	-5.002168	5.671799	
1.165856	1.209465	3.531605	-9.243436	
1.183204	5.874108	-5.877028	-4.468932	
1.108113	-1.469134	-0.355250	-6.711423	
1.142407	0.845574	-1.558706	3.188621	
1.177714	-8.942027	3.226811	-1.144506	
1.126273	-0.880908	-8.487080	-0.852246	
1.107569	4.523631	2.506900	-0.578274	
1.104217	-7.995245	-0.551015	2.524093	
1.138076	-1.891826	-8.704324	2.548263	
1.127516	-4.815305	7.158357	2.143710	
1.120544	-1.092034	2.793234	5.321938	
1.109805	-1.221099	3.819555	6.124899	
1.172345	-8.213015	-2.440619	4.312754	
1.110399	-1.730345	0.549476	-2.949074	
1.104402	-2.299910	2.811993	-4.826163	
1.192167	1.592750	5.261185	-4.628406	
1.113472	-1.151227	-7.838640	4.706193	
1.164014	-2.776555	0.241799	-4.356436	
1.183587	2.616985	-0.613125	-7.787277	
1.180053	-3.389420	-0.904265	-2.214578	
1.186337	-4.360004	0.896648	-5.513715	
1.194986	-1.302107	9.585799	-2.157880	
1.172332	5.443042	-1.328508	3.798704	
1.154532	-4.696737	2.379654	5.041672	
1.133385	4.211527	4.509212	-7.613711	
1.172739	4.089842	-2.199595	8.020948	
1.113276	4.046727	-4.006021	7.933167	
1.102621	0.786807	8.394656	0.333018	
1.182305	6.895776	-2.048340	6.686950	
1.199727	1.456983	-3.131987	-0.203534	
1.119865	-4.351723	3.133707	7.741494	
1.180920	6.356172	-2.917532	3.965136	
1.160007	0.268608	-4.648512	-4.688724	
1.146095	0.202764	-7.077419	-5.557973	
1.158195	-0.989383	-4.396277	-5.790108	
1.118554	5.442539	2.285722	6.875390	
1.181480	-6.213098	-0.553859	5.602711	
1.193095	7.302167	5.672304	2.415895	
1.129909	-3.869078	-7.194099	0.622081	
1.164059	5.836431	-5.186940	-4.883464	
1.190580	-2.382484	-2.774283	-4.729339	
1.189272	-1.889951	7.783990	-0.698132	
1.175683	4.538746	8.072798	0.998565	
1.107136	-1.140928	-2.610550	1.750461	
1.148685	-3.603682	-6.062678	-3.381988	
1.137254	4.194691	7.007878	-1.747855	
1.142303	-5.513439	-7.336463	1.653709	
1.168016	-0.401793	-4.240454	1.150735	
1.117600	-2.641530	7.455733	2.113332	
1.175726	-2.315064	5.853577	-2.446567	
1.143453	-3.162441	3.652403	-7.175334	
1.178546	-3.703045	4.148870	8.268734	
1.143250	-5.825901	-0.918450	-1.973558	
1.118954	-3.486709	4.426304	1.218161	
1.148899	5.622990	4.846789	3.675424	
1.112578	5.545092	-1.442297	3.071126	
1.154407	5.952712	1.383441	6.783093	
1.154026	7.015381	-1.994186	-2.929277	
1.187800	-7.071579	-3.130845	3.692966	
1.121235	-6.670304	-3.316834	4.392653	
1.148910	-3.042644	-3.774788	7.356398	
1.135901	2.770379	-9.043020	3.215001	
1.123527	5.119579	-1.251770	2.267001	
1.121846	-0.182597	-9.023097	-1.172895	
1.173861	-5.877427	2.536160	0.698207	
1.102416	2.430540	-4.572572	5.096696	
1.151362	-8.901603	2.842439	-2.687507	
1.199576	-8.767709	3.689080	-0.905427	
1.170691	-1.141135	0.797458	0.820048	
1.183025	1.949094	3.957347	4.166493	
1.100288	2.030218	-3.580435	-1.280608	
1.161501	-0.757113	0.087323	-6.558796	
1.166039	-0.930346	-4.791146	-8.610006	
1.171920	2.281951	1.395850	1.245207	
1.133148	-6.807900	3.997899	5.139298	
1.111699	-5.551208	5.248086	-4.007039	
1.199036	3.750903	-5.304195	-7.440031	
1.102470	-6.909596	-0.585407	-2.891556	
1.158503	-7.026068	5.077728	1.468471	
1.105440	7.884595	2.495504	-3.215363	
1.184660	-8.126340	0.097720	-1.703202	
1.149539	0.534498	-7.824529	-2.043181	
1.106139	0.674153	4.569878	-8.270774	
1.139868	3.947259	-1.163080	5.701782	
1.165190	-4.866132	-3.781561	3.939607	
1.150390	1.349183	6.110449	3.749187	
1.164899	-4.614628	2.098948	1.422563	
1.198908	2.495384	6.722455	-1.283398	
1.187312	1.530434	0.478259	-7.366844	
1.152348	-3.716048	4.226687	-6.225720	
1.191602	2.224444	7.156449	-5.513828	
1.106287	5.190556	-1.786085	-7.585468	
1.178328	3.727087	1.265108	-2.066782	
1.117419	1.232488	3.552629	-3.300789	
1.192107	8.047064	-0.663920	-2.380773	
1.192299	-4.934229	1.944757	-7.906431	
1.133831	-6.464442	-0.261166	-2.115138	
1.165177	4.565823	1.253619	-0.745377	
1.112468	6.338044	4.431700	0.332881	
1.177866	6.787630	-2.535293	5.066021	
1.120635	5.694001	1.866587	-3.872968	
1.161434	0.300078	5.329997	-4.154850	
1.184832	8.521791	0.877020	-3.395554	
1.132412	-2.006388	-5.715343	3.369556	
1.157876	2.579078	-8.229023	-1.367251	
1.177055	4.007193	5.080305	6.546630	
1.148441	6.182356	-0.496031	4.165011	
1.118849	-1.800075	5.932938	0.519487	
1.135669	2.039550	1.093842	-4.583564	
1.146368	1.075142	-4.155727	3.595183	
1.146260	-4.213473	-8.326864	2.040267	
1.162753	-3.663858	5.856221	6.197624	
1.197337	2.503603	-0.917508	-7.536093	
1.137624	1.599694	-1.105562	1.152318	
1.160386	-1.837876	5.463580	1.189693	
1.196160	-7.180212	5.900509	0.158881	
1.123923	-2.535580	4.694595	-5.205209	
1.166077	-5.221370	5.942041	-2.575432	
1.118597	2.238005	3.605708	-7.497768	
1.167384	5.968142	-1.297002	0.477998	
1.159460	1.256321	1.611788	-8.948716	
1.156335	0.964218	7.951247	-5.152263	
1.173701	3.961922	4.500818	-5.210651	
1.103198	3.721798	5.721134	3.156581	
1.142959	5.947077	0.466679	-3.179605	
1.167568	-8.515327	3.903776	2.508997	
1.121012	-1.437554	-4.082223	-3.737518	
1.133752	-4.323338	4.427052	1.904736	
1.142653	0.050351	-2.826916	0.607382	
1.165916	-7.611163	-2.215628	1.602389	
1.151745	2.883008	-4.479284	-2.826898	
1.132941	-1.827496	-4.874255	-5.148296	
1.174405	-4.117314	4.876403	7.018349	
1.173770	3.136855	5.710782	7.434479	
1.146993	-4.049316	-4.314275	-6.974393	
1.192463	-8.441335	2.016643	-3.812409	
1.167256	9.172905	-2.344087	1.067616	
1.149816	3.942206	-7.550522	-2.018254	
1.154984	4.506057	6.348355	-4.520166	
1.185151	1.332292	-5.509357	-3.446777	
1.132029	-3.247919	6.047943	-4.274392	
1.168042	0.458678	5.055588	-3.351112	
1.154107	2.813461	-2.869368	5.713039	
1.192443	7.221890	-5.417560	-3.094079	
1.114049	-3.967672	5.383682	-4.403487	
1.123805	3.728397	-6.539059	0.726200	
1.196782	2.165888	4.870354	-4.316282	
1.120392	1.911672	-4.359798	-7.349658	
1.161230	-9.484037	0.563767	-0.312239	
1.187014	-0.011072	-1.825758	6.432267	
1.153026	-0.265574	7.576003	1.076337	
1.171414	-0.012889	-2.933522	-1.659464	
1.181118	7.372563	-2.144231	0.870920	
1.131723	-7.176873	0.822350	6.261498	
1.106755	4.409839	-3.591970	-3.347065	
1.148154	4.683694	-1.541207	-5.311392	
1.181438	-6.361727	-0.898591	-0.715284	
1.148253	4.363806	-0.065500	-2.069274	
1.129311	0.181677	6.604698	3.441456	
1.119077	7.533120	-5.116784	-3.447433	
1.107510	4.518329	-4.296139	-6.982422	
1.156936	3.454745	-1.481095	-0.435148	
1.103689	1.955805	0.011422	2.536593	
1.179675	-1.379363	-5.484816	2.862082	
1.155797	2.104558	7.629858	4.448842	
1.160540	6.513661	-4.884389	-3.797492	
1.153519	-6.527216	0.354679	-0.733288	
1.105934	-1.515308	4.334066	8.088299	
1.139538	-2.251753	4.954879	-1.322575	
1.134862	-4.212382	-2.388316	6.376307	
1.192893	7.371216	-0.540860	-5.099731	
1.134507	-2.953799	8.211948	-0.109677	
1.182506	0.968349	0.738831	0.256500	
1.173593	-1.958815	-4.191541	-1.318575	
1.106930	-8.412833	2.725713	1.381729	
1.133721	9.126883	-2.792616	-0.211633	
1.127097	-0.475202	8.428991	-0.861950	
1.169868	2.479744	-3.918014	0.993260	
1.137183	-0.905791	-7.051822	-6.013950	
1.198634	3.645864	2.383354	6.330469	
1.150177	6.375496	-0.339289	-6.135803	
1.185425	5.875036	-5.046970	-5.483804	
1.164911	-3.540807	2.159380	-7.727282	
1.185660	-2.433860	-8.718879	1.918359	
1.110668	1.164074	2.900190	-8.146242	
1.143187	-1.126088	-8.581681	4.509142	
1.129285	5.589559	-3.553875	-3.732422	
1.150355	-6.721431	-5.837869	-4.414561	
1.172288	-5.895784	5.566907	2.113490	
1.167955	-5.317913	0.985750	0.065901	
1.133110	-7.043910	5.161428	-1.278883	
1.178137	0.546573	-1.066284	-8.203537	
1.154713	1.812451	7.323159	-4.022991	
1.137281	5.430196	-0.346066	-0.576389	
1.115635	3.870239	-0.118983	3.557966	
1.179998	0.053672	8.500943	3.349896	
1.130892	-6.059826	-5.916717	-5.021681	
1.160792	-4.026385	4.730774	6.574005	
1.174956	-8.293287	1.047918	-3.076014	
1.136571	-3.912331	-0.410158	-7.457953	
1.124555	-6.502165	-0.366223	3.516030	
1.119517	-6.915396	-4.574279	-4.382346	
1.184119	-5.040593	-3.919631	7.149265	
1.128849	-5.028771	8.506653	1.298565	
1.109129	-3.921208	-5.529039	0.989152	
1.101331	3.022023	-8.409897	3.580793	
1.107140	-1.285382	2.106834	-7.600965	
1.164658	6.567839	-4.130492	3.691440	
1.142129	1.669950	8.307060	4.157790	
1.105036	-0.463346	-9.513102	2.318887	
1.157974	-6.419427	-6.622812	2.782720	
1.101113	6.097575	-1.353811	2.169627	
1.134630	-5.559821	6.070640	2.910202	
1.196666	3.109988	-9.315884	1.820615	
1.165348	-5.166808	-2.628398	4.164451	
1.163056	-8.754252	-4.727200	0.489982	
1.148788	-1.119717	-7.371261	-5.272358	
1.158057	-3.282207	-6.236780	-1.913151	
1.118281	-3.803580	-7.187130	2.078540	
1.107247	0.852207	-4.167051	8.004859	
1.172064	0.695459	5.516711	-5.130927	
1.117122	-5.463687	0.453906	2.091685	
1.132287	-2.321291	-6.983322	-2.613817	
1.148439	-6.529727	3.182863	-6.404637	
1.194957	7.890055	-3.665160	-2.863056	
1.136648	-7.588739	-2.331441	-3.737453	
1.141018	-2.232765	0.137636	3.832193	
1.190083	4.600294	7.275208	-1.573455	
1.197370	-1.459293	2.560647	-5.966957	
1.155948	-0.595215	3.086072	4.116445	
1.107627	-1.285490	-1.483510	4.239651	
1.162205	8.248929	-1.523625	-3.789658	
1.116451	1.775314	3.848806	-5.379306	
1.157945	3.061985	-7.757126	-0.725346	
1.192994	-3.385942	-1.301107	-7.755328	
1.102661	-8.259699	0.059546	-1.800897	
1.111219	6.255234	1.714760	-4.432546	
1.177826	3.562849	-3.384334	-7.290747	
1.143627	-4.070011	1.182160	-5.804108	
1.107979	-6.066224	-6.863012	3.724130	
1.137685	-1.985641	-3.591853	5.823721	
1.178909	1.804158	5.434483	-6.628651	
1.170391	7.620012	-4.506774	0.508906	
1.109033	-7.581748	4.049320	1.293215	
1.153142	-0.771639	4.870908	-7.535813	
1.164327	6.192346	-6.209724	-1.783898	
1.139501	-5.206334	0.686410	-2.597255	
1.189843	-8.519336	-0.756768	2.979393	
1.135162	-3.365711	-3.677785	3.502832	
1.157467	7.807865	-4.807992	-1.930851	
1.177687	6.746226	-4.452450	2.007904	
1.104036	6.350120	-1.756074	2.814615	
1.112887	6.077988	-2.828443	-5.499347	
1.197481	4.878486	3.726142	6.446167	
1.197788	-0.963802	6.311982	3.854370	
1.116988	-7.802079	2.374781	-2.374809	
1.198894	-1.054231	-7.414777	-5.784165	
1.195502	2.478813	-3.108451	4.430577	
1.161999	9.346288	0.588293	2.249415	
1.191702	-3.820328	4.269824	4.143742	
1.110937	0.382011	-4.492802	3.443970	
1.198453	-1.186765	8.953046	4.269580	
1.195885	-5.318399	-1.616770	2.047128	
1.174005	0.995209	-0.251978	0.160640	
1.176950	4.808540	-2.877043	-5.768266	
1.135220	-1.884814	-0.317448	2.788038	
1.190458	-2.294938	-3.202062	5.661875	
1.102675	-0.259933	-7.402352	-4.322329	
1.169657	3.905454	8.974331	-1.146841	
1.149095	-3.873358	7.347987	4.748869	
1.193493	2.963162	2.193125	-6.306862	
1.161718	0.886832	-5.232656	-5.285334	
1.112239	-4.981062	3.900012	-5.736698	
1.121382	-7.928799	4.510250	3.608787	
1.198117	-5.775256	-4.886079	-0.106643	
1.127861	6.327786	2.374853	-1.382665	
1.187462	5.763547	2.799076	-1.048326	
1.164369	0.081471	-2.922902	2.035018	
1.157371	4.700769	-8.260956	-1.728422	
1.112843	3.943307	7.055132	-3.592495	
1.130602	-2.846229	-5.202609	-0.239570	
1.176438	-3.379858	7.959842	-0.159991	
1.148976	7.217668	-6.146004	-0.801073	
1.126921	-8.032341	-1.787654	2.654970	
1.118225	-1.859538	-5.547452	-5.564943	
1.138006	-2.738890	8.593481	0.450701	
1.132394	3.292172	-4.417490	5.134874	
1.173851	3.643622	0.633915	-6.988161	
1.198923	0.364154	4.874720	8.466232	
1.171098	5.052837	-0.104279	-5.670146	
1.120121	-5.819953	1.651015	-4.440976	
1.141519	-2.897952	-3.365774	6.279466	
1.190158	1.774500	0.420171	-0.794659	
1.127788	-0.633281	-3.819880	1.658365	
1.177645	7.419654	2.662773	1.736085	
1.157040	-6.562630	-2.547498	-4.329181	
1.182900	-8.603238	0.948626	-2.351103	
1.197739	2.833915	-0.348566	9.520056	
1.140645	8.834345	2.870178	0.722022	
1.187785	0.041533	-5.922068	4.067462	
1.174347	-6.412752	0.659582	-3.372237	
1.142350	-7.359152	0.455217	-2.168359	
1.127810	5.118826	-4.011711	-7.484740	
1.103267	7.224645	4.697430	-3.023169	
1.162506	-0.589290	1.318958	5.646375	
1.182253	2.199758	-3.118468	-8.727714	
1.104210	0.438651	-1.145515	-7.673855	
1.168013	-2.228811	-1.427378	-8.902900	
1.102431	-4.685443	-5.954680	-3.829293	
1.166187	2.639352	2.740362	-3.060749	
1.194834	6.713561	0.522528	2.863296	
1.129467	-4.559531	1.895037	-7.239281	
1.141449	-5.161178	0.666613	7.068087	
1.117778	3.305397	-1.411485	4.608592	
1.174309	1.386375	3.333605	-4.269484	
1.145585	1.417725	-2.187135	9.462222	
1.112303	1.197883	8.238528	2.022386	
1.112016	-9.078781	1.229913	-0.157026	
1.175755	-2.359821	-4.791426	-7.456688	
1.139817	4.598604	2.808029	7.064470	
1.136561	-3.086164	5.280370	1.984491	
1.117429	8.917302	-0.240547	-4.242545	
1.111395	-2.166161	0.478913	-0.646011	
1.119472	6.255898	-0.179220	4.034336	
1.121091	7.431962	0.362768	-1.213836	
1.108557	1.337933	-0.921523	-1.976015	
1.129887	2.198427	-3.831942	-4.432390	
1.188349	3.473574	-2.167783	-1.923687	
1.129555	-5.619488	-3.348025	3.698072	
1.144898	5.927903	2.989008	-3.459151	
1.158467	-4.009223	-5.223781	2.473071	
1.159604	4.077507	-5.604866	-3.418937	
1.149215	5.979123	-0.712030	2.886656	
1.181053	-1.019836	-4.979356	6.973166	
1.141665	-5.838519	6.493762	-3.541218	
1.101457	-1.181545	0.448724	7.908011	
1.109191	-3.391661	0.952858	-6.508339	
1.195837	-8.479820	1.692352	0.640213	
1.103599	-5.902455	-0.681551	7.171902	
1.106063	-0.202649	-4.716007	-3.020137	
1.105805	-2.562818	-3.054613	-4.513730	
1.147918	-0.222770	5.589485	-7.339040	
1.167194	-7.254918	1.923049	-1.670360	
1.101845	-2.958523	5.237031	-1.825553	
1.156346	-2.130889	-1.454037	-8.942426	
1.159835	-1.506035	-5.592598	6.346018	
1.120740	-4.360849	-5.926473	-0.975789	
1.189492	2.149004	-2.736393	-0.997931	
1.104153	5.394004	-1.876925	1.031203	
1.115634	5.887201	-2.888614	-0.630505	
1.118069	4.217254	-3.039640	-0.048019	
1.185184	-1.834101	-4.302357	-4.658021	
1.139755	4.443340	-1.523489	8.498670	
1.184786	-0.869975	-5.139044	5.782643	
1.166041	2.165796	1.466960	6.262477	
1.191972	5.957816	3.139994	1.864880	
1.175165	-4.997925	-5.106771	5.251668	
1.187724	-6.120281	-1.679356	-0.063956	
1.114806	-1.160869	4.599503	-1.567728	
1.124957	0.528780	5.386966	3.790310	
1.106961	5.365095	-0.925465	-6.323185	
1.131842	-4.406397	-2.143115	7.155237	
1.139882	-1.626069	-0.625664	-7.591767	
1.131735	2.337759	-2.603492	-2.719592	
1.113250	-8.236996	-0.627645	-1.897122	
1.175593	2.466793	-7.994471	2.400871	
1.130751	1.577724	5.631157	-6.198334	
1.185698	2.988597	-7.398669	2.292821	
1.146909	-0.365908	-8.806349	-3.130255	
1.189918	-2.315947	0.199774	0.277642	
1.172143	-7.753215	5.272569	-1.536142	
1.155831	3.626433	1.291177	4.357529	
1.118028	3.887878	-5.242058	5.743910	
1.120175	-5.129359	-4.362390	-5.964109	
1.140076	-4.293890	-1.613164	3.409713	
1.190545	7.672124	-1.210528	4.851141	
1.111985	4.044172	-5.317036	6.881175	
1.177886	8.515283	0.053947	-4.504821	
1.139253	2.040301	2.349180	2.409440	
1.133223	-1.573821	8.152148	-2.256450	
1.106483	6.565592	-7.027387	2.615596	
1.128045	-1.106582	1.872594	-8.028411	
1.111540	-8.643042	-3.733763	-1.330570	
1.152685	5.093914	5.301622	-3.578697	
1.173914	-0.127136	-1.736840	6.408953	
1.102917	2.457156	-8.753036	2.064553	
1.110185	1.477982	-1.744981	8.708647	
1.124159	3.996635	0.036736	-8.639008	
1.127753	-4.302781	-1.462013	0.891132	
1.173028	-4.932505	-0.706847	7.448752	
1.114471	0.468387	7.293654	-5.054182	
1.170471	3.998032	-7.824959	-0.604314	
1.119806	0.689489	0.245836	0.354373	
1.146159	-6.233471	6.190406	-4.504821	
1.142707	1.449241	3.147816	-4.746276	
1.123663	1.007603	-5.854421	-5.501900	
1.185967	4.850566	-1.952181	6.613881	
1.107138	-2.739780	3.740838	0.890631	
1.176979	-2.495994	0.738551	9.274622	
1.138183	1.815801	-4.423393	8.718434	
1.168502	-0.637091	3.032060	1.742694	
1.151556	-3.190430	-1.425998	3.973290	
1.121062	-8.547817	-4.434515	-1.934284	
1.107737	-7.159583	5.334820	-3.292946	
1.130247	-1.024774	3.801984	-9.011736	
1.134787	2.441213	2.327049	0.890883	
1.198331	-6.882125	0.426918	-1.813455	
1.193952	-4.656400	-3.454893	-5.177485	
1.116905	-0.526495	1.899230	-0.238217	
1.137433	5.048453	-5.518202	4.324166	
1.148137	7.819274	-3.329773	0.555483	
1.148068	7.173911	-4.209365	2.151410	
1.129679	-1.298338	3.370460	-0.464430	
1.145896	-2.303025	7.929872	-0.541421	
1.124028	0.781441	1.403594	8.080740	
1.187260	-6.750820	-1.627329	3.998745	
1.164373	-3.250836	-0.248176	1.639712	
1.117597	-4.705111	1.098027	4.192153	
1.100093	-2.167504	-1.035241	9.615768	
1.148444	-3.582905	0.376435	0.324676	
1.195242	-4.665912	-4.850335	-3.419440	
1.132059	-0.530758	-1.368770	6.447663	
1.147073	0.584822	-1.831101	9.096374	
1.116330	4.729151	2.172600	-0.773994	
1.160730	-5.529237	0.771054	-7.715563	
1.182017	2.045832	-3.338471	-5.486037	
1.125015	-7.850878	-0.991824	0.364080	
1.162248	-4.361557	5.908772	1.693460	
1.125663	-1.062585	4.148467	6.421992	
1.157760	-5.565060	-1.343129	5.856494	
1.105155	4.092515	0.698087	-3.104223	
1.173019	-1.925757	-0.573241	7.825241	
1.184749	-2.686590	-8.976388	2.986335	
1.149806	6.589470	1.840639	-3.444252	
1.174132	3.284339	2.442387	-2.336003	
1.191980	-3.448440	4.507463	2.575516	
1.132161	-4.016367	1.774240	-6.830611	
1.162978	5.021689	-7.240495	3.662701	
1.109631	5.640191	3.226260	5.536876	
1.152367	-0.849503	-1.880229	-4.339748	
1.190592	5.194770	-0.470936	-6.853929	
1.154346	-3.348734	5.556058	0.128064	
1.105077	-3.573003	0.923389	1.777292	
1.108489	-2.911712	-8.026634	4.975903	
1.179289	-4.033273	0.946453	-5.091560	
1.112455	-2.395428	3.794130	-0.681303	
1.176176	-3.921418	3.226156	1.026752	
1.174269	-0.452441	1.941127	2.392120	
1.197040	-3.885706	0.280670	4.016788	
1.197571	-1.453912	0.438196	-6.194740	
1.195607	2.678297	-8.576524	3.550841	
1.193138	-5.072605	-2.246175	-7.812896	
1.183052	-1.566631	-6.257421	-1.388252	
1.111641	2.966444	-4.332931	-2.680509	
1.114001	5.434459	3.056658	1.612835	
1.172533	-3.199946	5.437373	1.276605	
1.191490	-5.933703	-0.503869	7.144545	
1.194755	1.646686	4.988693	-0.040580	
1.142431	-3.781897	-4.723372	-5.104615	
1.121695	-6.425732	-4.132189	-1.516486	
1.182789	-3.184024	7.523291	-4.953241	
1.103579	1.583239	4.389315	2.716940	
1.144137	-5.282716	-3.185439	4.588992	
1.130171	6.637459	2.205851	-5.938611	
1.191892	-5.957199	0.572446	1.959643	
1.115543	7.677378	4.802158	-3.770146	
1.159939	-6.055624	3.581733	3.082676	
1.179010	-6.729806	5.375365	-1.131692	
1.173536	-7.169637	-2.028898	-6.213467	
1.108455	-2.855133	4.633281	-0.455555	
1.171836	-6.448419	-1.510731	-0.740137	
1.188424	-2.776181	1.165711	-3.111671	
1.119419	-3.926627	4.393333	-7.013126	
1.146127	7.102292	-1.959958	-4.548393	
1.168903	5.694050	-3.317600	-7.179982	
1.152801	6.147004	4.200142	4.727215	
1.191692	3.559892	-6.440968	3.999896	
1.183285	-7.723975	1.424541	-0.658215	
1.179063	1.483916	-9.146326	-3.452894	
1.127932	0.610228	-4.627903	6.481996	
1.168629	-4.892560	-1.243482	-1.758325	
1.128039	-1.714575	1.101488	2.947777	
1.160330	-0.198266	0.929366	-4.052853	
1.101198	-3.564683	-2.462205	8.853541	
1.129760	-3.959682	8.215299	2.630477	
1.196673	6.521497	-1.654126	-6.367411	
1.163789	0.969735	-6.645245	-0.627675	
1.145405	-8.690269	2.124379	-4.032493	
1.171117	4.950079	-2.917279	4.577309	
1.134404	-0.398062	-7.667387	-3.701385	
1.150310	-1.059111	4.543632	6.709414	
1.104572	8.319815	4.582006	-0.662600	
1.155247	-7.606531	2.620046	-0.254176	
1.133163	-2.336080	-8.573373	-4.339877	
1.118832	-2.597176	-2.225850	-2.082098	
1.122520	9.241856	-2.558489	-1.884600	
1.170871	-0.307371	-0.330743	-4.636477	
1.108254	1.462452	7.491531	-3.217652	
1.130540	4.921946	-7.585202	1.922293	
1.186543	2.074080	8.899563	1.811557	
1.118971	-0.258070	-0.970104	9.601940	
1.114030	1.836461	-4.971484	6.807774	
1.160418	4.911261	2.209265	-7.922130	
1.141983	-1.779341	4.606735	-3.158707	
1.177841	1.913334	-5.898393	4.558822	
1.125194	-3.444913	-0.781093	-8.940750	
1.148774	-6.606919	-5.553792	3.251299	
1.104818	3.923028	6.691629	1.479661	
1.173266	9.443879	-1.628831	-0.089600	
1.180169	-1.706543	0.630638	-3.695463	
1.127756	-3.230934	-3.847327	-1.550040	
1.117428	-0.935467	-5.078203	-5.319770	
1.179965	5.501988	2.323353	-4.451385	
1.186787	6.608131	1.220949	-6.009745	
1.148079	1.019118	-2.713264	-8.236488	
1.195743	0.159889	-7.309472	1.080644	
1.161593	-2.456051	-2.946509	-2.327864	
1.156383	4.214363	5.238655	-3.136736	
1.173541	-6.395381	-0.272172	2.819231	
1.199350	-0.745793	3.438542	-3.016420	
1.108818	1.330534	5.685297	-6.378281	
1.157446	4.117266	5.118786	3.615481	
1.193827	2.417525	-7.127049	-1.962554	
1.102306	-1.872683	-4.038343	-4.101926	
1.167152	1.317261	-5.718285	0.969766	
1.121907	4.272909	2.076854	-8.170591	
1.116808	3.663741	-3.267331	2.719454	
1.108407	3.140631	0.313612	-3.859852	
1.140449	-4.790536	-6.008659	-2.542365	
1.193283	1.831774	-5.263887	2.396799	
1.184175	6.374674	-6.880977	-3.148283	
1.155362	-3.184547	-4.464184	-2.288014	
1.156094	3.530952	-0.934148	2.810656	
1.168552	-2.660267	-5.356362	0.313763	
1.187227	-1.215380	-3.074568	8.975409	
1.171968	7.011183	0.832596	-5.031067	
1.185679	0.521540	-2.860368	-2.045168	
1.116184	-6.978035	2.831411	2.291903	
1.181539	4.061821	-3.455104	4.913863	
1.138893	-7.200037	1.876577	-0.806291	
1.104881	-5.817138	2.840045	6.591633	
1.186302	-0.146032	4.142126	-6.196511	
1.156157	-2.548295	-3.920060	8.811001	
1.187204	6.302711	0.048949	-7.170654	
1.151164	1.767369	5.324128	4.771450	
1.124448	-6.320815	4.441412	-1.222466	
1.125968	-4.635943	-0.930664	7.389925	
1.116853	2.169906	-3.957255	-0.085623	
1.165611	0.717404	-8.172197	-4.936479	
1.163270	-0.506415	-4.730856	1.290686	
1.159369	4.742789	1.154275	4.521090	
1.100452	-5.011942	-4.591504	1.634242	
1.173464	0.943711	-0.831803	3.088952	
1.191929	-3.984885	0.497302	-7.000698	
1.114977	-6.967526	1.947827	0.844771	
1.115543	-7.495518	-3.364396	4.476261	
1.151650	-7.701902	-0.982059	5.925174	
1.152052	-5.171263	0.638188	7.884939	
1.167853	8.626467	1.335022	2.107398	
1.144150	-4.572500	-5.064877	5.350794	
1.147382	-2.719448	3.805503	-4.482563	
1.115042	-3.980566	-4.934150	-5.150223	
1.110158	-3.205980	6.685415	-3.237901	
1.120317	-3.640219	-1.854674	6.926621	
1.153370	-6.754991	-3.231782	-2.909318	
1.117868	9.000349	0.796597	-3.953929	
1.181701	6.817229	1.726903	-2.314717	
1.188586	5.880114	-4.924191	-3.118480	
1.188461	-7.346255	5.700694	2.056468	
1.112441	3.275585	-6.648158	1.235767	
1.185212	9.305611	0.480838	0.663728	
1.111893	3.772954	0.745785	-9.061933	
1.148641	-6.032258	6.137055	4.180598	
1.147335	1.258782	-7.909410	-3.760780	
1.166737	-1.231166	8.177759	1.245643	
1.148936	-4.970109	3.408698	-7.380121	
1.144627	-1.910519	4.061923	2.485768	
1.129768	5.311998	-3.652252	1.428996	
1.111616	-4.388387	-2.581613	2.433135	
1.119863	1.183750	-7.163724	-1.164632	
1.136237	2.619331	-1.014850	-7.242505	
1.181809	-0.730938	7.671223	0.792941	
1.190334	-1.659174	-2.251317	-3.892282	
1.118944	-7.677352	1.683823	1.669241	
1.187461	-8.470322	-3.160805	0.437412	
1.152071	-6.205579	4.968495	-4.909722	
1.149257	0.941704	-5.850457	1.659021	
1.129700	4.715882	-8.310447	-0.166062	
1.188491	-5.276622	0.225491	-4.827496	
1.146028	0.358688	3.207993	8.044586	
1.111898	-5.825167	1.039199	-6.063037	
1.182405	6.982429	1.226951	-2.221509	
1.187638	-4.856055	-5.036567	-3.175106	
1.162342	2.540269	3.254080	-2.804587	
1.162176	-7.625968	1.276164	-1.806317	
1.125730	-3.048321	3.308690	-7.489673	
1.119121	1.793789	6.607979	6.075725	
1.195454	4.064015	-0.879940	-9.061699	
1.113475	-5.612368	-2.619081	2.613719	
1.137648	8.345410	-0.723611	2.722219	
1.179313	-0.496102	3.829628	1.574084	
1.144588	-3.881462	0.210055	5.857387	
1.176022	-6.813620	-1.337107	6.067250	
1.129991	-1.701022	5.401106	3.906566	
1.131109	-7.184890	-5.121536	-4.008264	
1.102232	1.625451	-3.586752	2.227871	
1.186025	2.539075	-4.497701	-5.342659	
1.150779	1.505022	0.311824	1.075078	
1.187508	0.213505	-6.764451	4.442708	
1.115369	4.044142	-4.772494	-2.959836	
1.143316	2.112459	5.669947	-6.089525	
1.115763	-9.056085	-3.224285	0.414665	
1.174348	2.696592	0.787357	2.305710	
1.184102	-6.503422	0.522767	-3.280739	
1.125517	8.923578	3.344044	0.718875	
1.166261	3.688502	-2.485276	-2.684036	
1.190210	-2.810129	8.369979	2.973662	
1.193687	2.490598	4.583709	-6.792651	
1.101303	-7.576617	-4.354326	-1.813778	
1.146151	9.464832	2.351008	0.909261	
1.130578	1.811272	-2.840481	-7.725027	
1.173224	-3.059114	-7.450757	-5.656373	
1.192709	0.193226	1.494200	9.292145	
1.104792	-3.497724	-0.476299	-5.072661	
1.138547	-4.845050	-3.385739	-3.702685	
1.190317	5.790046	3.831349	1.591005	
1.104322	-5.735058	-6.669267	-1.067390	
1.110167	-2.477316	4.878407	3.753759	
1.193115	-0.740229	-4.225670	-2.955626	
1.179535	-5.710558	-3.212000	6.457699	
1.193842	-3.120218	-7.123981	4.726465	
1.127608	-3.959275	3.097154	-4.475368	
1.189623	6.207781	3.456228	2.634729	
1.131421	-5.009362	7.770322	2.549932	
1.193216	2.141707	-0.312597	4.968213	
1.157274	1.201135	-3.573687	-0.494011	
1.152771	4.658492	-5.711399	-4.488636	
1.105092	-5.784216	-1.973773	-6.713613	
1.186441	-4.383582	7.256262	3.825991	
1.129595	-0.875356	3.371349	3.752232	
1.117617	-2.269439	-3.811567	2.693493	
1.161383	4.604432	-2.969775	-5.828840	
1.173204	6.963743	-0.104220	-6.813554	
1.132639	-2.921101	4.400628	-1.727285	
1.114418	-1.753043	3.517345	2.636332	
1.144562	-3.747193	-9.158307	-0.732745	
1.199477	2.843320	-8.437611	0.236847	
1.144611	-3.602410	-5.632230	-3.260869	
1.140791	2.054043	5.169018	-2.845770	
1.101576	6.067097	2.896934	0.794666	
1.101715	1.576184	-0.202035	-0.557115	
1.109762	3.166912	-7.082527	-2.158338	
1.143349	9.090787	0.274559	4.032557	
1.151291	7.123041	-3.474959	4.226974	
1.123532	-3.344919	-7.084003	-1.412754	
1.127791	-2.236310	-5.058227	3.736099	
1.183248	-4.934493	-7.444281	3.000438	
1.127548	5.788955	2.118710	-0.439585	
1.180820	-1.792244	5.579293	3.659323	
1.198643	-0.883771	-8.118890	2.230486	
1.116728	-3.484242	0.233402	-6.055615	
1.191323	-4.530971	-7.101321	-2.162513	
1.163695	-1.163864	-0.791362	4.506455	
1.197420	5.679310	-2.227382	-5.080808	
1.169715	1.192314	6.110637	3.064225	
1.121190	-2.212410	0.255132	-3.384884	
1.127482	-7.093633	5.753545	3.944354	
1.157234	9.764098	-1.278125	1.234107	
1.136367	1.672400	4.428819	-3.872440	
1.192594	-0.190208	-2.277795	0.778750	
1.171979	-2.205743	-2.673983	1.950209	
1.160972	8.023274	2.835204	0.921941	
1.171768	9.564193	-0.518694	2.494897	
1.139160	-0.102639	-7.817964	0.695014	
1.196203	-0.342235	-4.850235	-1.005247	
1.137024	-2.808301	0.856398	3.531772	
1.117397	7.638211	-3.327573	-4.835227	
1.138382	0.206291	1.532412	7.452175	
1.137535	0.826881	-7.248473	3.616708	
1.144884	3.591873	2.218159	6.787027	
1.164100	-0.272788	-0.064310	-2.568146	
1.144146	-0.525962	-3.161019	4.087415	
1.122261	2.501326	-6.468910	4.941814	
1.167674	1.503824	-0.501997	0.656242	
1.191620	1.848154	-1.934535	1.557670	
1.146822	6.228100	-3.844825	-4.656458	
1.155067	-0.031222	-5.953383	-2.560981	
1.117206	2.364741	-5.693621	1.179511	
1.144729	-6.450438	-4.267960	-0.796949	
1.136792	-2.732620	-8.253213	-0.193808	
1.120067	-1.004246	-1.295960	-8.030699	
1.188160	2.009052	-5.307531	-2.799879	
1.145844	3.120412	1.892867	4.173814	
1.129843	-1.039207	1.614564	3.141205	
1.172721	-0.978964	-2.536376	-2.079536	
1.150046	2.677124	6.028770	6.307269	
1.176861	7.583463	-4.451733	-3.012294	
1.105675	0.473613	2.892521	6.146882	
1.105413	-4.476639	-5.546774	3.365398	
1.119513	3.211327	-2.574181	8.692378	
1.112852	2.726255	-5.746292	-5.650589	
1.100538	-0.203690	-6.485972	5.563093	
1.115146	3.188967	7.338987	4.532216	
1.134229	-1.065064	0.027400	3.249541	
1.172557	1.392758	4.584892	-7.564912	
1.109825	-5.845131	-2.035658	-1.812416	
1.181650	-7.704660	4.095135	3.081343	
1.147559	-3.820874	-5.364310	3.861288	
1.196804	-1.320178	-8.079273	-0.781428	
1.169329	-4.743439	5.692688	-0.142113	
1.108843	-0.419701	4.854945	8.693814	
1.156935	-1.530516	-5.286514	6.792312	
1.106736	-2.841449	5.062293	7.358173	
1.144885	-3.753803	-0.204569	4.088572	
1.145247	-5.839241	1.589267	-5.852269	
1.125658	-2.061250	-8.806941	2.455183	
1.185337	-3.949644	-6.515421	-0.574462	
1.121061	5.846025	4.408123	0.591483	
1.171049	7.221226	-4.524091	-0.608685	
1.189185	-0.146678	-6.497905	-6.334786	
1.169101	-7.945807	-1.667923	0.786261	
1.184083	-1.732584	1.635460	-4.546666	
1.129292	4.196420	-1.345152	7.860598	
1.189373	0.611386	-3.024387	3.708487	
1.129199	-2.340143	2.843458	-0.150707	
1.126346	0.762997	6.054734	-4.270290	
1.105767	-6.303492	-1.010557	0.897260	
1.155077	-2.851273	-9.098284	-1.172337	
1.185905	-7.850974	0.842880	-4.641165	
1.172540	-6.678975	3.163826	6.421292	
1.108266	-4.151663	1.692577	2.913184	
1.100866	-3.514454	0.651956	-0.628635	
1.150217	3.977870	4.566985	4.354182	
1.159503	6.790182	2.399711	-3.906156	
1.166269	-2.395169	3.937665	-7.260745	
1.130162	3.396885	2.804422	-1.396115	
1.161342	2.726966	-4.421654	6.455281	
1.117992	1.669540	3.159287	-0.406764	
1.178446	-0.698108	4.924903	8.485158	
1.165102	0.454421	-0.477449	-9.312261	
1.131104	-6.337663	-1.937782	1.197740	
1.103170	-1.933062	5.059113	5.322595	
1.142305	3.855321	4.792652	4.790694	
1.181310	6.614791	5.689525	-0.961731	
1.117947	2.290495	1.067888	5.865916	
1.100542	6.826190	-5.142735	-5.163119	
1.190968	8.441117	3.418414	-1.622017	
1.135961	3.002709	-4.403981	-7.839245	
1.108594	1.976300	-2.039633	8.100777	
1.115102	3.434325	-4.596444	0.671933	
1.185529	-5.281444	-0.359149	-2.786769	
1.169874	1.643011	-3.248310	7.396729	
1.136232	-4.420676	3.723808	5.095138	
1.188326	5.120404	-3.699111	-7.717624	
1.106193	4.225119	0.959564	6.630047	
1.189035	2.268758	-6.842188	-1.871187	
1.124683	8.179135	-4.416020	-0.566914	
1.116811	3.652007	-0.341638	4.194781	
1.137628	5.297540	3.458700	-6.900012	
1.127768	-1.310117	6.351169	4.461535	
1.128394	-6.704749	1.200059	-2.315947	
1.116244	2.422538	-3.424078	4.227689	
1.106766	-3.896647	5.251153	-2.166062	
1.133655	-6.231948	-7.121013	-0.998268	
1.181460	4.802650	1.453458	-1.236655	
1.136057	-3.565757	-4.888267	-5.269121	
1.110074	-4.473759	-4.225191	-3.593383	
1.128365	3.883354	-3.454969	0.540071	
1.192427	-1.622425	-5.168972	-6.882505	
1.140772	3.196775	-4.638006	4.985583	
1.190313	2.651411	0.590351	1.132240	
1.181746	7.219938	5.736284	-2.454225	
1.150672	-6.443373	6.327826	1.438003	
1.125998	-2.363172	-2.700160	-2.631606	
1.110131	5.550574	-7.276628	-3.992291	
1.141138	2.259861	0.449186	0.495727	
1.142529	-2.323401	6.474072	4.379890	
1.107387	8.273070	1.980955	-4.963741	
1.123661	-7.440570	4.335970	-0.676942	
1.123190	-3.953287	-4.120221	7.669569	
1.175695	-7.520461	6.231937	-1.036051	
1.190867	2.311048	6.994234	1.628703	
1.190327	-7.986630	-3.943902	0.944286	
1.197999	-3.896011	3.175657	1.631685	
1.109900	-0.259274	2.777325	7.479325	
1.125891	-7.809296	4.874449	2.219054	
1.162141	7.037137	-2.575921	-5.606350	
1.187541	0.593925	-1.813390	7.784444	
1.100219	2.776731	0.907688	9.257776	
1.117731	-0.209617	-0.221090	-9.892319	
1.151377	-3.056265	0.071723	-1.246153	
1.136849	8.269895	2.310954	4.218775	
1.198560	-5.659365	-5.403972	-3.137793	
1.129144	5.012157	1.819820	-8.277964	
1.152031	5.730131	-3.020868	-0.267631	
1.126877	-7.526313	-1.292368	-1.323327	
1.113603	-4.445329	-6.754641	-4.782458	
1.163532	-0.416248	-1.946706	5.572818	
1.124827	3.997658	-3.290516	5.322174	
1.196109	4.703137	-5.658648	3.019592	
1.180910	-3.737357	1.551978	0.503304	
1.165838	3.142761	-1.932733	-8.870400	
1.167773	0.163183	-7.092469	6.202943	
1.130706	-3.091981	0.456578	-5.631002	
1.101440	-5.422964	-6.415700	-0.944485	
1.192640	-2.152665	-4.005642	-4.414006	
1.150695	-2.091842	-0.807463	8.687344	
1.185253	-6.712900	1.671847	3.031801	
1.139249	1.264191	5.316724	-1.026001	
1.143639	-1.418590	-0.843068	3.296931	
1.113107	9.105597	2.423526	1.068319	
1.140602	1.113624	3.268426	-3.563663	
1.113034	1.744238	5.247049	-2.843777	
1.108751	-0.469460	7.592695	6.166389	
1.159501	2.133204	-6.660706	6.244178	
1.167096	-6.543489	3.401271	-4.506076	
1.144512	1.208351	-2.805431	5.481282	
1.152664	4.286119	7.309011	3.909734	
1.117576	3.583496	-3.123732	7.462522	
1.140415	-3.678786	-2.545539	-5.078217	
1.171844	-2.531478	-3.900921	1.475728	
1.173544	7.862786	-4.500537	1.370121	
1.125085	-1.835252	4.272327	8.007569	
1.193394	-4.019179	4.683023	2.639951	
1.183793	4.828189	-3.294874	-7.473841	
1.162374	-4.260093	0.244158	3.064825	
1.139651	6.685249	1.703759	6.183353	
1.171578	-6.044262	-4.079439	0.340903	
1.106667	-6.360925	2.991092	-2.710815	
1.112640	-3.893981	-6.693228	-1.358724	
1.121675	0.194900	-6.790619	-2.915686	
1.175002	-2.210303	3.443715	-4.035954	
1.115602	-4.243907	-0.161990	-1.433643	
1.190156	0.587333	5.153474	7.171458	
