2 78.8964 0 826.242 -3.14159 0.0951997 0
3 39.4483 68.3263 826.242 -3.05908 0.047546 0
4 -39.4481 68.3264 826.242 -3.05908 -0.0475457 0
5 -78.8964 0.000209359 826.242 -3.14159 -0.0951997 0
6 -39.4485 -68.3262 826.242 -3.2241 -0.0475462 0
7 39.4479 -68.3265 826.242 -3.2241 0.0475455 0
8 157.078 0 815.001 -3.14159 0.190399 0
9 136.034 78.5391 815.001 -3.04552 0.164639 0
10 78.5393 136.034 815.001 -2.9762 0.0947675 0
11 0.000208411 157.078 815.001 -2.95119 2.51097e-07 0
12 -78.539 136.034 815.001 -2.9762 -0.094767 0
13 -136.034 78.5395 815.001 -3.04552 -0.164639 0
14 -157.078 0.000416822 815.001 -3.14159 -0.190399 0
15 -136.034 -78.5388 815.001 -3.23766 -0.164639 0
16 -78.5397 -136.034 815.001 -3.30698 -0.0947679 0
17 -0.000625232 -157.078 815.001 -3.33199 -7.53292e-07 0
18 78.5386 -136.034 815.001 -3.30698 0.0947666 0
19 136.034 -78.5399 815.001 -3.23766 0.164639 0
20 233.838 0 796.379 -3.14159 0.285599 0
21 219.736 79.9772 796.379 -3.0415 0.267936 0
22 179.13 150.308 796.379 -2.95505 0.217531 0
23 116.919 202.509 796.379 -2.89258 0.141336 0
24 40.6058 230.285 796.379 -2.8601 0.0489422 0
25 -40.6052 230.285 796.379 -2.8601 -0.0489414 0
26 -116.919 202.51 796.379 -2.89258 -0.141336 0
27 -179.13 150.308 796.379 -2.95504 -0.217531 0
28 -219.735 79.9778 796.379 -3.0415 -0.267936 0
29 -233.838 0.00062051 796.379 -3.14159 -0.285599 0
30 -219.736 -79.9766 796.379 -3.24168 -0.267936 0
31 -179.131 -150.307 796.379 -3.32813 -0.217532 0
32 -116.92 -202.509 796.379 -3.3906 -0.141337 0
33 -40.6064 -230.285 796.379 -3.42308 -0.0489429 0
34 40.6046 -230.285 796.379 -3.42308 0.0489407 0
35 116.918 -202.51 796.379 -3.3906 0.141335 0
36 179.129 -150.309 796.379 -3.32814 0.21753 0
37 219.735 -79.9783 796.379 -3.24168 0.267936 0
38 308.48 0 770.545 -3.14159 0.380799 0
39 297.968 79.8403 770.545 -3.03834 0.367194 0
40 267.151 154.24 770.545 -2.94403 0.327703 0
41 218.128 218.128 770.545 -2.86573 0.265928 0
42 154.24 267.151 770.545 -2.80785 0.186918 0
43 79.8407 297.968 770.545 -2.7726 0.0963426 0
44 0.000409289 308.48 770.545 -2.76079 4.93119e-07 0
45 -79.8399 297.969 770.545 -2.7726 -0.0963417 0
46 -154.239 267.151 770.545 -2.80785 -0.186917 0
47 -218.128 218.128 770.545 -2.86572 -0.265928 0
48 -267.151 154.24 770.545 -2.94403 -0.327702 0
49 -297.968 79.8411 770.545 -3.03834 -0.367194 0
50 -308.48 0.000818578 770.545 -3.14159 -0.380799 0
51 -297.969 -79.8395 770.545 -3.24484 -0.367194 0
52 -267.152 -154.239 770.545 -3.33915 -0.327703 0
53 -218.129 -218.127 770.545 -3.41745 -0.265929 0
54 -154.241 -267.151 770.545 -3.47532 -0.186919 0
55 -79.8415 -297.968 770.545 -3.51058 -0.0963436 0
56 -0.00122787 -308.48 770.545 -3.52239 -1.47936e-06 0
57 79.8391 -297.969 770.545 -3.51058 0.0963407 0
58 154.239 -267.152 770.545 -3.47533 0.186916 0
59 218.127 -218.129 770.545 -3.41746 0.265927 0
60 267.15 -154.241 770.545 -3.33915 0.327702 0
61 297.968 -79.8419 770.545 -3.24484 0.367194 0
62 380.328 0 737.734 -3.14159 0.475998 0
63 372.017 79.0745 737.734 -3.03481 0.464765 0
64 347.447 154.693 737.734 -2.9349 0.431915 0
65 307.692 223.551 737.734 -2.84736 0.379776 0
66 254.489 282.638 737.734 -2.77572 0.311633 0
67 190.164 329.373 737.734 -2.72168 0.231167 0
68 117.528 361.713 737.734 -2.68573 0.142078 0
69 39.7555 378.244 737.734 -2.66783 0.0479166 0
70 -39.7545 378.244 737.734 -2.66783 -0.0479154 0
71 -117.527 361.713 737.734 -2.68573 -0.142076 0
72 -190.163 329.374 737.734 -2.72168 -0.231166 0
73 -254.488 282.639 737.734 -2.77572 -0.311632 0
74 -307.691 223.552 737.734 -2.84736 -0.379776 0
75 -347.446 154.694 737.734 -2.9349 -0.431914 0
76 -372.016 79.0755 737.734 -3.03481 -0.464765 0
77 -380.328 0.00100923 737.734 -3.14159 -0.475998 0
78 -372.017 -79.0735 737.734 -3.24837 -0.464765 0
79 -347.447 -154.692 737.734 -3.34828 -0.431915 0
80 -307.692 -223.55 737.734 -3.43582 -0.379777 0
81 -254.49 -282.638 737.734 -3.50746 -0.311634 0
82 -190.165 -329.373 737.734 -3.5615 -0.231168 0
83 -117.529 -361.713 737.734 -3.59745 -0.142079 0
84 -39.7565 -378.244 737.734 -3.61535 -0.0479178 0
85 39.7535 -378.244 737.734 -3.61535 0.0479142 0
86 117.526 -361.714 737.734 -3.59745 0.142075 0
87 190.162 -329.374 737.734 -3.5615 0.231165 0
88 254.488 -282.64 737.734 -3.50746 0.311631 0
89 307.691 -223.552 737.734 -3.43582 0.379775 0
90 347.446 -154.695 737.734 -3.34828 0.431914 0
91 372.016 -79.0765 737.734 -3.24837 0.464765 0
92 448.732 0 698.241 -3.14159 0.571198 0
93 441.914 77.9213 698.241 -3.03045 0.561465 0
94 421.67 153.475 698.241 -2.92523 0.532903 0
95 388.613 224.366 698.241 -2.83068 0.487262 0
96 343.748 288.439 698.241 -2.74985 0.427014 0
97 288.439 343.748 698.241 -2.68412 0.354922 0
98 224.366 388.613 698.241 -2.63372 0.273726 0
99 153.476 421.67 698.241 -2.59831 0.185981 0
100 77.9219 441.914 698.241 -2.57733 0.0940203 0
101 0.000595375 448.732 698.241 -2.57039 7.17319e-07 0
102 -77.9208 441.914 698.241 -2.57733 -0.0940189 0
103 -153.475 421.67 698.241 -2.59831 -0.185979 0
104 -224.365 388.613 698.241 -2.63372 -0.273725 0
105 -288.438 343.749 698.241 -2.68412 -0.354921 0
106 -343.748 288.44 698.241 -2.74985 -0.427013 0
107 -388.612 224.367 698.241 -2.83068 -0.487261 0
108 -421.669 153.476 698.241 -2.92523 -0.532902 0
109 -441.914 77.9225 698.241 -3.03045 -0.561465 0
110 -448.732 0.00119075 698.241 -3.14159 -0.571198 0
111 -441.915 -77.9202 698.241 -3.25273 -0.561465 0
112 -421.67 -153.474 698.241 -3.35795 -0.532903 0
113 -388.614 -224.365 698.241 -3.4525 -0.487263 0
114 -343.749 -288.438 698.241 -3.53333 -0.427015 0
115 -288.44 -343.747 698.241 -3.59906 -0.354923 0
116 -224.367 -388.612 698.241 -3.64945 -0.273727 0
117 -153.477 -421.669 698.241 -3.68487 -0.185982 0
118 -77.9231 -441.914 698.241 -3.70585 -0.0940217 0
119 -0.00178612 -448.732 698.241 -3.71279 -2.15196e-06 0
120 77.9196 -441.915 698.241 -3.70585 0.0940175 0
121 153.473 -421.67 698.241 -3.68488 0.185978 0
122 224.364 -388.614 698.241 -3.64946 0.273723 0
123 288.438 -343.75 698.241 -3.59907 0.35492 0
124 343.747 -288.441 698.241 -3.53334 0.427012 0
125 388.612 -224.368 698.241 -3.4525 0.487261 0
126 421.669 -153.477 698.241 -3.35796 0.532902 0
127 441.914 -77.9237 698.241 -3.25273 0.561464 0
128 513.072 0 652.424 -3.14159 0.666398 0
129 507.059 78.3199 652.424 -3.02212 0.657215 0
130 489.161 154.804 652.424 -2.90862 0.630254 0
131 459.797 227.66 652.424 -2.80586 0.587128 0
132 419.656 295.179 652.424 -2.71671 0.530089 0
133 369.679 355.78 652.424 -2.64235 0.461617 0
134 311.037 408.042 652.424 -2.58269 0.38412 0
135 245.105 450.739 652.424 -2.53702 0.299777 0
136 173.427 482.872 652.424 -2.50444 0.2105 0
137 97.6849 503.687 652.424 -2.48414 0.117966 0
138 19.6527 512.695 652.424 -2.47555 0.0236802 0
139 -58.8401 509.686 652.424 -2.47841 -0.0709512 0
140 -135.954 494.731 652.424 -2.4928 -0.164541 0
141 -209.881 468.18 652.424 -2.51915 -0.255644 0
142 -278.888 430.655 652.424 -2.55816 -0.342677 0
143 -341.359 383.036 652.424 -2.61071 -0.423853 0
144 -395.829 326.439 652.424 -2.67766 -0.497126 0
145 -441.02 262.19 652.424 -2.75947 -0.560193 0
146 -475.875 191.796 652.424 -2.85567 -0.61058 0
147 -499.575 116.906 652.424 -2.96428 -0.645875 0
148 -511.566 39.2766 652.424 -3.08146 -0.664092 0
149 -511.566 -39.2739 652.424 -3.20171 -0.664093 0
150 -499.576 -116.904 652.424 -3.31889 -0.645876 0
151 -475.876 -191.794 652.424 -3.42751 -0.610582 0
152 -441.022 -262.188 652.424 -3.5237 -0.560195 0
153 -395.83 -326.437 652.424 -3.60551 -0.497129 0
154 -341.361 -383.034 652.424 -3.67247 -0.423856 0
155 -278.891 -430.654 652.424 -3.72502 -0.34268 0
156 -209.883 -468.179 652.424 -3.76403 -0.255647 0
157 -135.956 -494.731 652.424 -3.79038 -0.164544 0
158 -58.8428 -509.686 652.424 -3.80477 -0.0709544 0
159 19.65 -512.695 652.424 -3.80763 0.0236769 0
160 97.6822 -503.687 652.424 -3.79904 0.117963 0
161 173.425 -482.873 652.424 -3.77874 0.210497 0
162 245.102 -450.741 652.424 -3.74616 0.299774 0
163 311.035 -408.044 652.424 -3.7005 0.384118 0
164 369.678 -355.782 652.424 -3.64084 0.461615 0
165 419.655 -295.182 652.424 -3.56647 0.530087 0
166 459.796 -227.662 652.424 -3.47733 0.587127 0
167 489.16 -154.807 652.424 -3.37456 0.630253 0
168 507.058 -78.3226 652.424 -3.26107 0.657214 0
169 572.765 0 600.7 -3.14159 0.761598 0
170 567.43 77.9915 600.7 -3.01248 0.752754 0
171 551.526 154.53 600.7 -2.8898 0.726809 0
172 525.347 228.19 600.7 -2.77855 0.685355 0
173 489.382 297.599 600.7 -2.68161 0.630584 0
174 444.301 361.465 600.7 -2.59989 0.564865 0
175 390.943 418.597 600.7 -2.53298 0.490442 0
176 330.303 467.932 600.7 -2.4798 0.409287 0
177 263.51 508.55 600.7 -2.43908 0.323072 0
178 191.808 539.694 600.7 -2.40964 0.233202 0
179 116.533 560.785 600.7 -2.39054 0.140867 0
180 39.0876 571.43 600.7 -2.38116 0.0471109 0
181 -39.0861 571.43 600.7 -2.38116 -0.0471091 0
182 -116.532 560.785 600.7 -2.39054 -0.140865 0
183 -191.807 539.695 600.7 -2.40964 -0.2332 0
184 -263.508 508.55 600.7 -2.43908 -0.323071 0
185 -330.302 467.933 600.7 -2.4798 -0.409285 0
186 -390.942 418.598 600.7 -2.53298 -0.49044 0
187 -444.3 361.466 600.7 -2.59989 -0.564864 0
188 -489.381 297.601 600.7 -2.68161 -0.630583 0
189 -525.346 228.191 600.7 -2.77855 -0.685354 0
190 -551.525 154.532 600.7 -2.8898 -0.726809 0
191 -567.43 77.993 600.7 -3.01248 -0.752753 0
192 -572.765 0.00151988 600.7 -3.14159 -0.761598 0
193 -567.431 -77.9899 600.7 -3.2707 -0.752754 0
194 -551.526 -154.529 600.7 -3.39338 -0.72681 0
195 -525.347 -228.189 600.7 -3.50462 -0.685356 0
196 -489.383 -297.598 600.7 -3.60157 -0.630585 0
197 -444.302 -361.464 600.7 -3.68329 -0.564867 0
198 -390.944 -418.596 600.7 -3.7502 -0.490443 0
199 -330.304 -467.931 600.7 -3.80338 -0.409288 0
200 -263.511 -508.549 600.7 -3.8441 -0.323074 0
201 -191.809 -539.694 600.7 -3.87354 -0.233204 0
202 -116.535 -560.785 600.7 -3.89264 -0.140869 0
203 -39.0891 -571.43 600.7 -3.90202 -0.0471128 0
204 39.0846 -571.43 600.7 -3.90202 0.0471073 0
205 116.53 -560.786 600.7 -3.89264 0.140863 0
206 191.805 -539.695 600.7 -3.87354 0.233198 0
207 263.507 -508.551 600.7 -3.84411 0.323069 0
208 330.3 -467.933 600.7 -3.80338 0.409284 0
209 390.941 -418.599 600.7 -3.7502 0.490439 0
210 444.299 -361.467 600.7 -3.68329 0.564862 0
211 489.38 -297.602 600.7 -3.60157 0.630582 0
212 525.346 -228.193 600.7 -3.50463 0.685353 0
213 551.525 -154.533 600.7 -3.39339 0.726808 0
214 567.43 -77.9945 600.7 -3.27071 0.752753 0
215 627.272 0 543.535 -3.14159 0.856797 0
216 622.326 78.6179 543.535 -2.99794 0.847744 0
217 607.565 155.996 543.535 -2.8621 0.821262 0
218 583.223 230.914 543.535 -2.73986 0.779154 0
219 549.683 302.19 543.535 -2.63417 0.723842 0
220 507.474 368.701 543.535 -2.54555 0.657846 0
221 457.262 429.397 543.535 -2.47297 0.583463 0
222 399.838 483.321 543.535 -2.41476 0.502631 0
223 336.109 529.623 543.535 -2.36915 0.416925 0
224 267.08 567.572 543.535 -2.33456 0.327612 0
225 193.838 596.571 543.535 -2.30971 0.235717 0
226 117.54 616.161 543.535 -2.29365 0.142092 0
227 39.3875 626.034 543.535 -2.28577 0.0474727 0
228 -39.3859 626.034 543.535 -2.28577 -0.0474707 0
229 -117.538 616.161 543.535 -2.29365 -0.14209 0
230 -193.837 596.571 543.535 -2.30971 -0.235715 0
231 -267.078 567.573 543.535 -2.33456 -0.32761 0
232 -336.108 529.624 543.535 -2.36915 -0.416924 0
233 -399.837 483.322 543.535 -2.41476 -0.50263 0
234 -457.261 429.398 543.535 -2.47297 -0.583462 0
235 -507.473 368.702 543.535 -2.54555 -0.657845 0
236 -549.682 302.192 543.535 -2.63417 -0.723841 0
237 -583.222 230.915 543.535 -2.73985 -0.779153 0
238 -607.564 155.998 543.535 -2.8621 -0.821261 0
239 -622.325 78.6196 543.535 -2.99794 -0.847744 0
240 -627.272 0.00166452 543.535 -3.14159 -0.856797 0
241 -622.326 -78.6163 543.535 -3.28523 -0.847745 0
242 -607.565 -155.994 543.535 -3.42108 -0.821262 0
243 -583.223 -230.912 543.535 -3.54332 -0.779155 0
244 -549.683 -302.189 543.535 -3.649 -0.723843 0
245 -507.475 -368.699 543.535 -3.73763 -0.657848 0
246 -457.263 -429.396 543.535 -3.81021 -0.583465 0
247 -399.84 -483.32 543.535 -3.86841 -0.502633 0
248 -336.111 -529.622 543.535 -3.91402 -0.416927 0
249 -267.081 -567.571 543.535 -3.94862 -0.327614 0
250 -193.84 -596.57 543.535 -3.97347 -0.235719 0
251 -117.541 -616.161 543.535 -3.98953 -0.142094 0
252 -39.3892 -626.034 543.535 -3.99741 -0.0474747 0
253 39.3842 -626.034 543.535 -3.99741 0.0474687 0
254 117.536 -616.162 543.535 -3.98953 0.142088 0
255 193.835 -596.572 543.535 -3.97347 0.235713 0
256 267.077 -567.574 543.535 -3.94862 0.327608 0
257 336.107 -529.625 543.535 -3.91403 0.416922 0
258 399.836 -483.323 543.535 -3.86842 0.502628 0
259 457.259 -429.399 543.535 -3.81021 0.58346 0
260 507.472 -368.704 543.535 -3.73763 0.657843 0
261 549.681 -302.193 543.535 -3.64901 0.723839 0
262 583.221 -230.917 543.535 -3.54333 0.779152 0
263 607.564 -155.999 543.535 -3.42109 0.82126 0
264 622.325 -78.6212 543.535 -3.28524 0.847744 0
265 676.098 0 481.448 -3.14159 0.951997 0
266 671.526 78.4901 481.448 -2.97998 0.942564 0
267 657.873 155.919 481.448 -2.8284 0.915092 0
268 635.324 231.239 481.448 -2.69383 0.871741 0
269 604.183 303.432 481.448 -2.57923 0.8153 0
270 564.872 371.521 481.448 -2.48436 0.748538 0
271 517.921 434.587 481.448 -2.4073 0.673853 0
272 463.967 491.775 481.448 -2.34558 0.593174 0
273 403.738 542.313 481.448 -2.29681 0.508001 0
274 338.049 585.517 481.448 -2.25896 0.419483 0
275 267.789 620.803 481.448 -2.23043 0.328515 0
276 193.908 647.694 481.448 -2.21001 0.235803 0
277 117.404 665.826 481.448 -2.19684 0.141926 0
278 39.3124 674.954 481.448 -2.19039 0.0473821 0
279 -39.3107 674.954 481.448 -2.19039 -0.04738 0
280 -117.402 665.826 481.448 -2.19684 -0.141924 0
281 -193.906 647.695 481.448 -2.21001 -0.235801 0
282 -267.788 620.804 481.448 -2.23043 -0.328513 0
283 -338.048 585.518 481.448 -2.25896 -0.419481 0
284 -403.737 542.314 481.448 -2.29681 -0.507999 0
285 -463.965 491.777 481.448 -2.34558 -0.593173 0
286 -517.92 434.588 481.448 -2.4073 -0.673851 0
287 -564.871 371.523 481.448 -2.48436 -0.748536 0
288 -604.182 303.433 481.448 -2.57922 -0.815299 0
289 -635.323 231.241 481.448 -2.69382 -0.87174 0
290 -657.873 155.92 481.448 -2.82839 -0.915091 0
291 -671.526 78.4919 481.448 -2.97998 -0.942564 0
292 -676.098 0.00179409 481.448 -3.14159 -0.951997 0
293 -671.526 -78.4883 481.448 -3.30319 -0.942564 0
294 -657.874 -155.917 481.448 -3.45478 -0.915093 0
295 -635.325 -231.237 481.448 -3.58935 -0.871743 0
296 -604.184 -303.43 481.448 -3.70395 -0.815302 0
297 -564.873 -371.52 481.448 -3.79882 -0.748539 0
298 -517.922 -434.586 481.448 -3.87587 -0.673855 0
299 -463.968 -491.774 481.448 -3.9376 -0.593176 0
300 -403.739 -542.312 481.448 -3.98637 -0.508003 0
301 -338.051 -585.517 481.448 -4.02422 -0.419485 0
302 -267.791 -620.803 481.448 -4.05275 -0.328517 0
303 -193.909 -647.694 481.448 -4.07317 -0.235805 0
304 -117.406 -665.826 481.448 -4.08634 -0.141929 0
305 -39.3142 -674.954 481.448 -4.09279 -0.0473843 0
306 39.3089 -674.954 481.448 -4.09279 0.0473778 0
307 117.4 -665.827 481.448 -4.08634 0.141922 0
308 193.904 -647.695 481.448 -4.07317 0.235799 0
309 267.786 -620.805 481.448 -4.05275 0.328511 0
310 338.046 -585.519 481.448 -4.02422 0.419479 0
311 403.735 -542.315 481.448 -3.98637 0.507997 0
312 463.964 -491.778 481.448 -3.9376 0.593171 0
313 517.919 -434.59 481.448 -3.87588 0.673849 0
314 564.87 -371.524 481.448 -3.79882 0.748534 0
315 604.181 -303.435 481.448 -3.70396 0.815297 0
316 635.323 -231.242 481.448 -3.58936 0.871739 0
317 657.873 -155.922 481.448 -3.45479 0.91509 0
318 671.526 -78.4936 481.448 -3.3032 0.942563 0
319 718.801 0 415.001 -3.14159 1.0472 0
320 714.438 79.0739 415.001 -2.95331 1.03678 0
321 701.403 157.188 415.001 -2.77952 1.00668 0
322 679.854 233.394 415.001 -2.62928 0.959843 0
323 650.053 306.767 415.001 -2.50504 0.899789 0
324 612.36 376.416 415.001 -2.40491 0.829781 0
325 567.235 441.496 415.001 -2.32527 0.752431 0
326 515.224 501.217 415.001 -2.26237 0.669701 0
327 456.959 554.854 415.001 -2.21298 0.583027 0
328 393.147 601.756 415.001 -2.17454 0.493455 0
329 324.563 641.353 415.001 -2.14511 0.401761 0
330 252.039 673.165 415.001 -2.12325 0.308533 0
331 176.456 696.805 415.001 -2.10795 0.214232 0
332 98.7307 711.988 415.001 -2.09853 0.119235 0
333 19.807 718.528 415.001 -2.09456 0.0238661 0
334 -59.3571 716.346 415.001 -2.09588 -0.0715757 0
335 -137.801 705.468 415.001 -2.10254 -0.166797 0
336 -214.572 686.027 415.001 -2.11483 -0.26149 0
337 -288.738 658.259 415.001 -2.1333 -0.355306 0
338 -359.399 622.5 415.001 -2.1588 -0.447831 0
339 -425.698 579.185 415.001 -2.19252 -0.538547 0
340 -486.829 528.84 415.001 -2.23616 -0.626782 0
341 -542.051 472.075 415.001 -2.29194 -0.711637 0
342 -590.694 409.58 415.001 -2.36277 -0.791885 0
343 -632.166 342.113 415.001 -2.45217 -0.865848 0
344 -665.964 270.493 415.001 -2.56396 -0.931249 0
345 -691.678 195.59 415.001 -2.70116 -0.985136 0
346 -708.997 118.312 415.001 -2.86387 -1.02404 0
347 -717.709 39.599 415.001 -3.04646 -1.04457 0
348 -717.709 -39.5952 415.001 -3.23671 -1.04457 0
349 -708.998 -118.309 415.001 -3.4193 -1.02404 0
350 -691.679 -195.586 415.001 -3.58201 -0.985139 0
351 -665.965 -270.489 415.001 -3.71922 -0.931252 0
352 -632.167 -342.109 415.001 -3.83101 -0.865852 0
353 -590.696 -409.577 415.001 -3.92041 -0.791889 0
354 -542.054 -472.072 415.001 -3.99124 -0.711641 0
355 -486.832 -528.837 415.001 -4.04702 -0.626786 0
356 -425.701 -579.183 415.001 -4.09065 -0.538551 0
357 -359.403 -622.498 415.001 -4.12438 -0.447835 0
358 -288.741 -658.257 415.001 -4.14988 -0.35531 0
359 -214.575 -686.026 415.001 -4.16835 -0.261494 0
360 -137.804 -705.468 415.001 -4.18064 -0.166802 0
361 -59.3609 -716.345 415.001 -4.1873 -0.0715803 0
362 19.8032 -718.528 415.001 -4.18862 0.0238615 0
363 98.7269 -711.988 415.001 -4.18465 0.11923 0
364 176.452 -696.806 415.001 -4.17523 0.214228 0
365 252.036 -673.166 415.001 -4.15993 0.308529 0
366 324.56 -641.354 415.001 -4.13807 0.401757 0
367 393.144 -601.758 415.001 -4.10864 0.49345 0
368 456.956 -554.856 415.001 -4.0702 0.583022 0
369 515.221 -501.22 415.001 -4.02081 0.669697 0
370 567.233 -441.499 415.001 -3.95792 0.752427 0
371 612.358 -376.419 415.001 -3.87828 0.829778 0
372 650.051 -306.77 415.001 -3.77815 0.899786 0
373 679.853 -233.398 415.001 -3.65391 0.95984 0
374 701.402 -157.192 415.001 -3.50367 1.00668 0
375 714.438 -79.0777 415.001 -3.32988 1.03678 0
376 754.994 0 344.795 -3.14159 1.1424 0
377 750.858 78.9183 344.795 -2.91658 1.13055 0
378 738.496 156.972 344.795 -2.71437 1.09681 0
379 718.042 233.306 344.795 -2.54671 1.04537 0
380 689.722 307.084 344.795 -2.41398 0.980885 0
381 653.844 377.497 344.795 -2.31095 0.907171 0
382 610.803 443.774 344.795 -2.23133 0.827006 0
383 561.07 505.189 344.795 -2.16968 0.742305 0
384 505.19 561.07 344.795 -2.12183 0.654374 0
385 443.775 610.803 344.795 -2.0847 0.564116 0
386 377.498 653.844 344.795 -2.05607 0.472166 0
387 307.084 689.721 344.795 -2.03437 0.378989 0
388 233.307 718.042 344.795 -2.01847 0.284932 0
389 156.973 738.496 344.795 -2.0076 0.19027 0
390 78.9193 750.858 344.795 -2.00127 0.0952274 0
391 0.00100172 754.994 344.795 -1.99919 1.20689e-06 0
392 -78.9173 750.858 344.795 -2.00127 -0.095225 0
393 -156.971 738.496 344.795 -2.0076 -0.190268 0
394 -233.305 718.043 344.795 -2.01847 -0.28493 0
395 -307.083 689.722 344.795 -2.03436 -0.378987 0
396 -377.496 653.845 344.795 -2.05607 -0.472164 0
397 -443.773 610.804 344.795 -2.0847 -0.564113 0
398 -505.189 561.071 344.795 -2.12183 -0.654372 0
399 -561.069 505.191 344.795 -2.16968 -0.742303 0
400 -610.802 443.776 344.795 -2.23133 -0.827004 0
401 -653.843 377.499 344.795 -2.31095 -0.907169 0
402 -689.721 307.085 344.795 -2.41398 -0.980883 0
403 -718.042 233.308 344.795 -2.5467 -1.04537 0
404 -738.495 156.974 344.795 -2.71436 -1.0968 0
405 -750.858 78.9203 344.795 -2.91658 -1.13055 0
406 -754.994 0.00200344 344.795 -3.14158 -1.1424 0
407 -750.859 -78.9163 344.795 -3.36659 -1.13055 0
408 -738.496 -156.97 344.795 -3.56881 -1.09681 0
409 -718.043 -233.304 344.795 -3.73647 -1.04537 0
410 -689.722 -307.082 344.795 -3.8692 -0.980887 0
411 -653.845 -377.495 344.795 -3.97223 -0.907173 0
412 -610.805 -443.773 344.795 -4.05185 -0.827008 0
413 -561.072 -505.188 344.795 -4.1135 -0.742307 0
414 -505.192 -561.068 344.795 -4.16135 -0.654376 0
415 -443.777 -610.802 344.795 -4.19848 -0.564118 0
416 -377.499 -653.843 344.795 -4.22711 -0.472168 0
417 -307.086 -689.72 344.795 -4.24881 -0.378991 0
418 -233.309 -718.041 344.795 -4.26471 -0.284935 0
419 -156.975 -738.495 344.795 -4.27558 -0.190272 0
420 -78.9213 -750.858 344.795 -4.28191 -0.0952298 0
421 -0.00300517 -754.994 344.795 -4.28399 -3.62068e-06 0
422 78.9153 -750.859 344.795 -4.28191 0.0952225 0
423 156.969 -738.496 344.795 -4.27558 0.190265 0
424 233.303 -718.043 344.795 -4.26471 0.284928 0
425 307.081 -689.723 344.795 -4.24882 0.378984 0
426 377.494 -653.846 344.795 -4.22711 0.472161 0
427 443.772 -610.805 344.795 -4.19848 0.564111 0
428 505.187 -561.072 344.795 -4.16135 0.65437 0
429 561.068 -505.192 344.795 -4.1135 0.742301 0
430 610.801 -443.777 344.795 -4.05186 0.827002 0
431 653.842 -377.5 344.795 -3.97224 0.907167 0
432 689.72 -307.087 344.795 -3.86921 0.980881 0
433 718.041 -233.31 344.795 -3.73648 1.04537 0
434 738.495 -156.976 344.795 -3.56882 1.0968 0
435 750.858 -78.9223 344.795 -3.36661 1.13055 0
436 784.35 0 271.467 -3.14159 1.2376 0
437 780.453 78.096 271.467 -2.86147 1.22352 0
438 768.799 155.416 271.467 -2.62163 1.18437 0
439 749.504 231.191 271.467 -2.43615 1.12674 0
440 722.76 304.669 271.467 -2.29863 1.05682 0
441 688.834 375.118 271.467 -2.19724 0.978964 0
442 648.061 441.84 271.467 -2.12174 0.895939 0
443 600.848 504.17 271.467 -2.06472 0.809457 0
444 547.663 561.49 271.467 -2.02114 0.720599 0
445 489.035 613.229 271.467 -1.98755 0.630067 0
446 425.547 658.874 271.467 -1.96162 0.538335 0
447 357.83 697.971 271.467 -1.94173 0.445734 0
448 286.556 730.131 271.467 -1.92676 0.352503 0
449 212.435 755.034 271.467 -1.91594 0.258826 0
450 136.202 772.434 271.467 -1.90875 0.164844 0
451 58.6156 782.157 271.467 -1.90486 0.07068 0
452 -19.5533 784.107 271.467 -1.90409 -0.0235604 0
453 -97.5279 778.263 271.467 -1.90641 -0.117776 0
454 -174.533 764.685 271.467 -1.91192 -0.211862 0
455 -249.804 743.508 271.467 -1.92087 -0.305708 0
456 -322.592 714.941 271.467 -1.93368 -0.399182 0
457 -392.174 679.268 271.467 -1.951 -0.492124 0
458 -457.858 636.845 271.467 -1.97374 -0.584325 0
459 -518.992 588.092 271.467 -2.00326 -0.675506 0
460 -574.968 533.495 271.467 -2.04149 -0.765272 0
461 -625.23 473.596 271.467 -2.09128 -0.853049 0
462 -669.278 408.989 271.467 -2.15678 -0.93797 0
463 -706.675 340.318 271.467 -2.24412 -1.01868 0
464 -737.048 268.265 271.467 -2.36212 -1.093 0
465 -760.096 193.546 271.467 -2.52222 -1.15744 0
466 -775.59 116.903 271.467 -2.73496 -1.2067 0
467 -783.375 39.0987 271.467 -2.99855 -1.23402 0
468 -783.375 -39.0945 271.467 -3.28462 -1.23402 0
469 -775.59 -116.899 271.467 -3.54821 -1.2067 0
470 -760.097 -193.542 271.467 -3.76095 -1.15744 0
471 -737.049 -268.261 271.467 -3.92105 -1.093 0
472 -706.676 -340.315 271.467 -4.03905 -1.01868 0
473 -669.28 -408.986 271.467 -4.1264 -0.937974 0
474 -625.233 -473.592 271.467 -4.1919 -0.853054 0
475 -574.971 -533.492 271.467 -4.24168 -0.765277 0
476 -518.996 -588.089 271.467 -4.27992 -0.675511 0
477 -457.862 -636.842 271.467 -4.30944 -0.58433 0
478 -392.178 -679.266 271.467 -4.33218 -0.492129 0
479 -322.596 -714.939 271.467 -4.3495 -0.399187 0
480 -249.808 -743.506 271.467 -4.36231 -0.305713 0
481 -174.537 -764.684 271.467 -4.37126 -0.211867 0
482 -97.532 -778.263 271.467 -4.37677 -0.117781 0
483 -19.5575 -784.107 271.467 -4.37909 -0.0235654 0
484 58.6114 -782.157 271.467 -4.37832 0.070675 0
485 136.198 -772.435 271.467 -4.37443 0.164839 0
486 212.431 -755.036 271.467 -4.36724 0.258821 0
487 286.552 -730.132 271.467 -4.35642 0.352498 0
488 357.826 -697.973 271.467 -4.34145 0.445729 0
489 425.543 -658.877 271.467 -4.32157 0.53833 0
490 489.032 -613.232 271.467 -4.29563 0.630062 0
491 547.66 -561.493 271.467 -4.26205 0.720594 0
492 600.845 -504.174 271.467 -4.21846 0.809452 0
493 648.059 -441.843 271.467 -4.16145 0.895935 0
494 688.832 -375.122 271.467 -4.08595 0.97896 0
495 722.759 -304.673 271.467 -3.98456 1.05681 0
496 749.503 -231.195 271.467 -3.84704 1.12674 0
497 768.798 -155.42 271.467 -3.66156 1.18437 0
498 780.452 -78.1002 271.467 -3.42172 1.22352 0
499 806.603 0 195.681 -3.14159 1.3328 0
500 802.838 77.8484 195.681 -2.76295 1.31426 0
501 791.576 154.97 195.681 -2.47178 1.26533 0
502 772.924 230.645 195.681 -2.27436 1.19779 0
503 747.056 304.166 195.681 -2.14247 1.11992 0
504 714.212 374.847 195.681 -2.05191 1.03624 0
505 674.7 442.028 195.681 -1.98755 0.9491 0
506 628.888 505.083 195.681 -1.94041 0.859776 0
507 577.205 563.421 195.681 -1.90507 0.769015 0
508 520.132 616.499 195.681 -1.87814 0.677267 0
509 458.203 663.821 195.681 -1.85745 0.584824 0
510 391.996 704.945 195.681 -1.84156 0.491881 0
511 322.13 739.487 195.681 -1.82948 0.398578 0
512 249.255 767.125 195.681 -1.82055 0.305015 0
513 174.053 787.6 195.681 -1.81431 0.211271 0
514 97.2263 800.722 195.681 -1.81048 0.11741 0
515 19.4916 806.368 195.681 -1.80886 0.023486 0
516 -58.425 804.485 195.681 -1.8094 -0.0704499 0
517 -135.796 795.09 195.681 -1.81211 -0.164349 0
518 -211.899 778.272 195.681 -1.81712 -0.258159 0
519 -286.024 754.188 195.681 -1.82465 -0.351821 0
520 -357.479 723.062 195.681 -1.83509 -0.445265 0
521 -425.595 685.184 195.681 -1.84898 -0.538403 0
522 -489.738 640.91 195.681 -1.86712 -0.631116 0
523 -549.309 590.651 195.681 -1.89071 -0.723241 0
524 -603.75 534.878 195.681 -1.92151 -0.81454 0
525 -652.555 474.111 195.681 -1.96223 -0.904653 0
526 -695.267 408.917 195.681 -2.01712 -0.993005 0
527 -731.487 339.905 195.681 -2.09315 -1.07863 0
528 -760.878 267.72 195.681 -2.20197 -1.15979 0
529 -783.164 193.035 195.681 -2.363 -1.23325 0
530 -798.139 116.547 195.681 -2.60441 -1.29282 0
531 -805.661 38.9718 195.681 -2.945 -1.32803 0
532 -805.662 -38.9676 195.681 -3.33816 -1.32803 0
533 -798.14 -116.543 195.681 -3.67875 -1.29282 0
534 -783.166 -193.031 195.681 -3.92017 -1.23326 0
535 -760.879 -267.716 195.681 -4.0812 -1.1598 0
536 -731.489 -339.901 195.681 -4.19003 -1.07863 0
537 -695.269 -408.913 195.681 -4.26605 -0.993009 0
538 -652.557 -474.107 195.681 -4.32095 -0.904658 0
539 -603.753 -534.875 195.681 -4.36167 -0.814545 0
540 -549.312 -590.649 195.681 -4.39247 -0.723246 0
541 -489.742 -640.907 195.681 -4.41606 -0.631121 0
542 -425.599 -685.182 195.681 -4.4342 -0.538408 0
543 -357.482 -723.06 195.681 -4.44809 -0.44527 0
544 -286.028 -754.186 195.681 -4.45852 -0.351826 0
545 -211.904 -778.271 195.681 -4.46606 -0.258164 0
546 -135.8 -795.089 195.681 -4.47107 -0.164354 0
547 -58.4293 -804.484 195.681 -4.47378 -0.070455 0
548 19.4873 -806.368 195.681 -4.47432 0.0234809 0
549 97.222 -800.723 195.681 -4.4727 0.117404 0
550 174.049 -787.601 195.681 -4.46887 0.211266 0
551 249.251 -767.126 195.681 -4.46263 0.30501 0
552 322.126 -739.489 195.681 -4.4537 0.398573 0
553 391.993 -704.947 195.681 -4.44162 0.491876 0
554 458.2 -663.824 195.681 -4.42573 0.584819 0
555 520.129 -616.502 195.681 -4.40504 0.677262 0
556 577.202 -563.424 195.681 -4.37811 0.76901 0
557 628.886 -505.086 195.681 -4.34277 0.859772 0
558 674.698 -442.032 195.681 -4.29563 0.949095 0
559 714.21 -374.851 195.681 -4.23128 1.03624 0
560 747.054 -304.17 195.681 -4.14072 1.11992 0
561 772.923 -230.649 195.681 -4.00883 1.19778 0
562 791.576 -154.974 195.681 -3.81142 1.26533 0
563 802.837 -77.8527 195.681 -3.52025 1.31426 0
564 821.552 0 118.122 -3.14159 1.428 0
565 817.832 78.0934 118.122 -2.55744 1.39935 0
566 806.705 155.48 118.122 -2.22049 1.33332 0
567 788.273 231.458 118.122 -2.04268 1.25236 0
568 762.702 305.34 118.122 -1.93992 1.16533 0
569 730.224 376.456 118.122 -1.87484 1.07542 0
570 691.133 444.164 118.122 -1.83072 0.98395 0
571 645.784 507.849 118.122 -1.79932 0.89156 0
572 594.585 566.935 118.122 -1.77621 0.798582 0
573 538.002 620.887 118.122 -1.75879 0.705212 0
574 476.547 669.216 118.122 -1.7455 0.61157 0
575 410.776 711.484 118.122 -1.73532 0.517733 0
576 341.286 747.309 118.122 -1.72756 0.423756 0
577 268.704 776.367 118.122 -1.72178 0.329679 0
578 193.689 798.393 118.122 -1.71768 0.235532 0
579 116.92 813.189 118.122 -1.71504 0.141338 0
580 39.0921 820.621 118.122 -1.71375 0.0471163 0
581 -39.0899 820.621 118.122 -1.71375 -0.0471137 0
582 -116.918 813.19 118.122 -1.71504 -0.141335 0
583 -193.687 798.394 118.122 -1.71768 -0.235529 0
584 -268.702 776.367 118.122 -1.72178 -0.329677 0
585 -341.284 747.31 118.122 -1.72756 -0.423754 0
586 -410.775 711.485 118.122 -1.73532 -0.51773 0
587 -476.545 669.217 118.122 -1.7455 -0.611567 0
588 -538.001 620.888 118.122 -1.75879 -0.70521 0
589 -594.584 566.937 118.122 -1.77621 -0.79858 0
590 -645.782 507.851 118.122 -1.79932 -0.891557 0
591 -691.132 444.166 118.122 -1.83072 -0.983947 0
592 -730.223 376.458 118.122 -1.87484 -1.07541 0
593 -762.701 305.342 118.122 -1.93992 -1.16533 0
594 -788.272 231.46 118.122 -2.04268 -1.25236 0
595 -806.705 155.482 118.122 -2.22049 -1.33331 0
596 -817.831 78.0956 118.122 -2.55742 -1.39935 0
597 -821.552 0.00218006 118.122 -3.14157 -1.428 0
598 -817.832 -78.0912 118.122 -3.72573 -1.39935 0
599 -806.706 -155.477 118.122 -4.06268 -1.33332 0
600 -788.274 -231.456 118.122 -4.2405 -1.25236 0
601 -762.703 -305.338 118.122 -4.34326 -1.16533 0
602 -730.225 -376.455 118.122 -4.40834 -1.07542 0
603 -691.135 -444.162 118.122 -4.45246 -0.983952 0
604 -645.785 -507.847 118.122 -4.48386 -0.891562 0
605 -594.587 -566.934 118.122 -4.50697 -0.798585 0
606 -538.004 -620.885 118.122 -4.52438 -0.705215 0
607 -476.549 -669.215 118.122 -4.53768 -0.611572 0
608 -410.778 -711.483 118.122 -4.54786 -0.517735 0
609 -341.288 -747.308 118.122 -4.55562 -0.423759 0
610 -268.706 -776.366 118.122 -4.5614 -0.329682 0
611 -193.691 -798.393 118.122 -4.5655 -0.235535 0
612 -116.922 -813.189 118.122 -4.56814 -0.14134 0
613 -39.0942 -820.621 118.122 -4.56943 -0.0471189 0
614 39.0877 -820.621 118.122 -4.56943 0.047111 0
615 116.916 -813.19 118.122 -4.56814 0.141332 0
616 193.685 -798.394 118.122 -4.5655 0.235527 0
617 268.7 -776.368 118.122 -4.5614 0.329674 0
618 341.282 -747.311 118.122 -4.55562 0.423751 0
619 410.773 -711.486 118.122 -4.54787 0.517728 0
620 476.544 -669.218 118.122 -4.53768 0.611564 0
621 537.999 -620.89 118.122 -4.52439 0.705207 0
622 594.582 -566.938 118.122 -4.50697 0.798577 0
623 645.781 -507.853 118.122 -4.48386 0.891554 0
624 691.131 -444.168 118.122 -4.45246 0.983944 0
625 730.222 -376.46 118.122 -4.40834 1.07541 0
626 762.701 -305.344 118.122 -4.34327 1.16532 0
627 788.272 -231.462 118.122 -4.24051 1.25236 0
628 806.704 -155.484 118.122 -4.0627 1.33331 0
629 817.831 -78.0977 118.122 -3.72577 1.39935 0
630 829.06 0 39.4941 -3.14159 1.5232 0
631 825.306 78.8071 39.4941 -2.03536 1.46439 0
632 814.078 156.9 39.4941 -1.81738 1.37461 0
633 795.477 233.573 39.4941 -1.7383 1.28136 0
634 769.673 308.13 39.4941 -1.69827 1.18718 0
635 736.898 379.897 39.4941 -1.67438 1.09261 0
636 697.45 448.223 39.4941 -1.65868 0.997838 0
637 651.685 512.49 39.4941 -1.6477 0.902959 0
638 600.019 572.116 39.4941 -1.63972 0.808012 0
639 542.919 626.561 39.4941 -1.63374 0.713018 0
640 480.902 675.332 39.4941 -1.62921 0.617993 0
641 414.531 717.987 39.4941 -1.62574 0.522946 0
642 344.405 754.139 39.4941 -1.62312 0.427883 0
643 271.16 783.462 39.4941 -1.62116 0.332808 0
644 195.459 805.69 39.4941 -1.61977 0.237726 0
645 117.989 820.621 39.4941 -1.61888 0.142638 0
646 39.4493 828.121 39.4941 -1.61845 0.0475472 0
647 -39.4471 828.121 39.4941 -1.61845 -0.0475446 0
648 -117.986 820.621 39.4941 -1.61888 -0.142635 0
649 -195.457 805.69 39.4941 -1.61977 -0.237723 0
650 -271.158 783.463 39.4941 -1.62116 -0.332806 0
651 -344.403 754.14 39.4941 -1.62312 -0.42788 0
652 -414.529 717.988 39.4941 -1.62574 -0.522943 0
653 -480.901 675.333 39.4941 -1.62921 -0.61799 0
654 -542.918 626.563 39.4941 -1.63374 -0.713015 0
655 -600.018 572.118 39.4941 -1.63972 -0.808009 0
656 -651.684 512.492 39.4941 -1.6477 -0.902957 0
657 -697.449 448.225 39.4941 -1.65868 -0.997835 0
658 -736.897 379.899 39.4941 -1.67438 -1.0926 0
659 -769.672 308.132 39.4941 -1.69827 -1.18718 0
660 -795.477 233.575 39.4941 -1.73829 -1.28136 0
661 -814.077 156.903 39.4941 -1.81738 -1.3746 0
662 -825.306 78.8093 39.4941 -2.03535 -1.46439 0
663 -829.06 0.00219998 39.4941 -3.14153 -1.5232 0
664 -825.306 -78.8049 39.4941 -4.24781 -1.46439 0
665 -814.078 -156.898 39.4941 -4.46579 -1.37461 0
666 -795.478 -233.571 39.4941 -4.54488 -1.28137 0
667 -769.673 -308.128 39.4941 -4.58491 -1.18718 0
668 -736.899 -379.895 39.4941 -4.6088 -1.09261 0
669 -697.451 -448.221 39.4941 -4.6245 -0.997841 0
670 -651.687 -512.489 39.4941 -4.63548 -0.902962 0
671 -600.021 -572.115 39.4941 -4.64346 -0.808014 0
672 -542.921 -626.56 39.4941 -4.64944 -0.713021 0
673 -480.904 -675.331 39.4941 -4.65397 -0.617996 0
674 -414.532 -717.985 39.4941 -4.65743 -0.522948 0
675 -344.407 -754.138 39.4941 -4.66006 -0.427885 0
676 -271.162 -783.461 39.4941 -4.66202 -0.332811 0
677 -195.461 -805.689 39.4941 -4.66341 -0.237728 0
678 -117.991 -820.621 39.4941 -4.6643 -0.142641 0
679 -39.4515 -828.121 39.4941 -4.66473 -0.0475499 0
680 39.4449 -828.121 39.4941 -4.66473 0.0475419 0
681 117.984 -820.622 39.4941 -4.6643 0.142633 0
682 195.455 -805.691 39.4941 -4.66341 0.23772 0
683 271.156 -783.463 39.4941 -4.66202 0.332803 0
684 344.401 -754.141 39.4941 -4.66006 0.427877 0
685 414.527 -717.989 39.4941 -4.65744 0.522941 0
686 480.899 -675.334 39.4941 -4.65397 0.617988 0
687 542.916 -626.564 39.4941 -4.64944 0.713013 0
688 600.016 -572.12 39.4941 -4.64346 0.808006 0
689 651.683 -512.494 39.4941 -4.63548 0.902954 0
690 697.447 -448.227 39.4941 -4.6245 0.997833 0
691 736.896 -379.901 39.4941 -4.6088 1.0926 0
692 769.671 -308.134 39.4941 -4.58491 1.18717 0
693 795.476 -233.577 39.4941 -4.54489 1.28136 0
694 814.077 -156.905 39.4941 -4.4658 1.3746 0
695 825.305 -78.8115 39.4941 -4.24784 1.46439 0
696 829.06 0 -39.4919 -0 1.5232 0
697 825.306 78.8071 -39.4919 -1.10625 1.46439 0
698 814.078 156.9 -39.4919 -1.32422 1.37461 0
699 795.477 233.573 -39.4919 -1.4033 1.28136 0
700 769.673 308.13 -39.4919 -1.44333 1.18718 0
701 736.898 379.897 -39.4919 -1.46721 1.09261 0
702 697.45 448.223 -39.4919 -1.48292 0.997838 0
703 651.685 512.49 -39.4919 -1.49389 0.90296 0
704 600.019 572.116 -39.4919 -1.50188 0.808012 0
705 542.919 626.561 -39.4919 -1.50785 0.713018 0
706 480.902 675.332 -39.4919 -1.51239 0.617993 0
707 414.531 717.987 -39.4919 -1.51585 0.522946 0
708 344.405 754.139 -39.4919 -1.51848 0.427883 0
709 271.16 783.462 -39.4919 -1.52043 0.332808 0
710 195.459 805.69 -39.4919 -1.52182 0.237726 0
711 117.989 820.621 -39.4919 -1.52271 0.142638 0
712 39.4493 828.121 -39.4919 -1.52314 0.0475472 0
713 -39.4471 828.121 -39.4919 -1.52314 -0.0475446 0
714 -117.986 820.621 -39.4919 -1.52271 -0.142635 0
715 -195.457 805.69 -39.4919 -1.52182 -0.237723 0
716 -271.158 783.463 -39.4919 -1.52043 -0.332806 0
717 -344.403 754.14 -39.4919 -1.51848 -0.42788 0
718 -414.529 717.988 -39.4919 -1.51585 -0.522943 0
719 -480.901 675.333 -39.4919 -1.51239 -0.61799 0
720 -542.918 626.563 -39.4919 -1.50785 -0.713015 0
721 -600.018 572.118 -39.4919 -1.50188 -0.808009 0
722 -651.684 512.492 -39.4919 -1.49389 -0.902957 0
723 -697.449 448.225 -39.4919 -1.48292 -0.997836 0
724 -736.897 379.899 -39.4919 -1.46721 -1.0926 0
725 -769.672 308.132 -39.4919 -1.44333 -1.18718 0
726 -795.477 233.575 -39.4919 -1.4033 -1.28136 0
727 -814.077 156.903 -39.4919 -1.32422 -1.3746 0
728 -825.306 78.8093 -39.4919 -1.10626 -1.46439 0
729 -829.06 0.00219999 -39.4919 -5.57073e-05 -1.5232 0
730 -825.306 -78.8049 -39.4919 1.10624 -1.46439 0
731 -814.078 -156.898 -39.4919 1.32422 -1.37461 0
732 -795.478 -233.571 -39.4919 1.4033 -1.28137 0
733 -769.674 -308.128 -39.4919 1.44332 -1.18718 0
734 -736.899 -379.895 -39.4919 1.46721 -1.09261 0
735 -697.451 -448.221 -39.4919 1.48292 -0.997841 0
736 -651.687 -512.489 -39.4919 1.49389 -0.902962 0
737 -600.021 -572.115 -39.4919 1.50188 -0.808014 0
738 -542.921 -626.56 -39.4919 1.50785 -0.713021 0
739 -480.904 -675.331 -39.4919 1.51239 -0.617996 0
740 -414.533 -717.986 -39.4919 1.51585 -0.522949 0
741 -344.407 -754.138 -39.4919 1.51848 -0.427885 0
742 -271.162 -783.461 -39.4919 1.52043 -0.332811 0
743 -195.461 -805.689 -39.4919 1.52182 -0.237728 0
744 -117.991 -820.621 -39.4919 1.52271 -0.142641 0
745 -39.4515 -828.121 -39.4919 1.52314 -0.0475499 0
746 39.4449 -828.121 -39.4919 1.52314 0.0475419 0
747 117.984 -820.622 -39.4919 1.52271 0.142633 0
748 195.455 -805.691 -39.4919 1.52182 0.237721 0
749 271.156 -783.463 -39.4919 1.52043 0.332803 0
750 344.401 -754.141 -39.4919 1.51848 0.427877 0
751 414.527 -717.989 -39.4919 1.51585 0.522941 0
752 480.899 -675.334 -39.4919 1.51239 0.617988 0
753 542.916 -626.564 -39.4919 1.50785 0.713013 0
754 600.016 -572.12 -39.4919 1.50188 0.808006 0
755 651.683 -512.494 -39.4919 1.49389 0.902954 0
756 697.447 -448.227 -39.4919 1.48292 0.997833 0
757 736.896 -379.901 -39.4919 1.46722 1.0926 0
758 769.671 -308.134 -39.4919 1.44333 1.18717 0
759 795.476 -233.577 -39.4919 1.40331 1.28136 0
760 814.077 -156.905 -39.4919 1.32422 1.3746 0
761 825.305 -78.8115 -39.4919 1.10627 1.46439 0
762 821.552 0 -118.12 -0 1.428 0
763 817.832 78.0934 -118.12 -0.584164 1.39935 0
764 806.705 155.48 -118.12 -0.921107 1.33332 0
765 788.273 231.458 -118.12 -1.09892 1.25236 0
766 762.703 305.34 -118.12 -1.20168 1.16533 0
767 730.225 376.457 -118.12 -1.26676 1.07542 0
768 691.134 444.164 -118.12 -1.31087 0.98395 0
769 645.784 507.849 -118.12 -1.34227 0.89156 0
770 594.585 566.935 -118.12 -1.36539 0.798583 0
771 538.003 620.887 -118.12 -1.3828 0.705213 0
772 476.547 669.216 -118.12 -1.39609 0.61157 0
773 410.777 711.485 -118.12 -1.40628 0.517733 0
774 341.286 747.31 -118.12 -1.41403 0.423757 0
775 268.704 776.367 -118.12 -1.41981 0.32968 0
776 193.689 798.393 -118.12 -1.42391 0.235532 0
777 116.92 813.19 -118.12 -1.42655 0.141338 0
778 39.0921 820.621 -118.12 -1.42784 0.0471163 0
779 -39.0899 820.621 -118.12 -1.42784 -0.0471137 0
780 -116.918 813.19 -118.12 -1.42655 -0.141335 0
781 -193.687 798.394 -118.12 -1.42391 -0.235529 0
782 -268.702 776.368 -118.12 -1.41981 -0.329677 0
783 -341.284 747.311 -118.12 -1.41403 -0.423754 0
784 -410.775 711.486 -118.12 -1.40628 -0.51773 0
785 -476.546 669.217 -118.12 -1.39609 -0.611567 0
786 -538.001 620.889 -118.12 -1.3828 -0.70521 0
787 -594.584 566.937 -118.12 -1.36539 -0.79858 0
788 -645.782 507.851 -118.12 -1.34227 -0.891557 0
789 -691.133 444.166 -118.12 -1.31088 -0.983948 0
790 -730.224 376.459 -118.12 -1.26676 -1.07542 0
791 -762.702 305.342 -118.12 -1.20168 -1.16533 0
792 -788.273 231.46 -118.12 -1.09892 -1.25236 0
793 -806.705 155.482 -118.12 -0.921113 -1.33332 0
794 -817.832 78.0956 -118.12 -0.584176 -1.39935 0
795 -821.552 0.00218006 -118.12 -1.84563e-05 -1.428 0
796 -817.832 -78.0912 -118.12 0.584151 -1.39936 0
797 -806.706 -155.477 -118.12 0.9211 -1.33332 0
798 -788.274 -231.456 -118.12 1.09891 -1.25237 0
799 -762.703 -305.338 -118.12 1.20168 -1.16533 0
800 -730.226 -376.455 -118.12 1.26675 -1.07542 0
801 -691.135 -444.162 -118.12 1.31087 -0.983953 0
802 -645.785 -507.848 -118.12 1.34227 -0.891563 0
803 -594.587 -566.934 -118.12 1.36539 -0.798585 0
804 -538.004 -620.886 -118.12 1.3828 -0.705215 0
805 -476.549 -669.215 -118.12 1.39609 -0.611573 0
806 -410.779 -711.483 -118.12 1.40628 -0.517736 0
807 -341.288 -747.309 -118.12 1.41403 -0.423759 0
808 -268.706 -776.366 -118.12 1.41981 -0.329682 0
809 -193.691 -798.393 -118.12 1.42391 -0.235535 0
810 -116.922 -813.189 -118.12 1.42655 -0.14134 0
811 -39.0942 -820.621 -118.12 1.42784 -0.0471189 0
812 39.0877 -820.622 -118.12 1.42784 0.0471111 0
813 116.916 -813.19 -118.12 1.42655 0.141332 0
814 193.685 -798.395 -118.12 1.42391 0.235527 0
815 268.7 -776.368 -118.12 1.41981 0.329674 0
816 341.282 -747.311 -118.12 1.41403 0.423751 0
817 410.773 -711.487 -118.12 1.40628 0.517728 0
818 476.544 -669.219 -118.12 1.39609 0.611565 0
819 537.999 -620.89 -118.12 1.3828 0.705208 0
820 594.582 -566.939 -118.12 1.36539 0.798578 0
821 645.781 -507.853 -118.12 1.34227 0.891555 0
822 691.131 -444.168 -118.12 1.31088 0.983945 0
823 730.223 -376.46 -118.12 1.26676 1.07541 0
824 762.701 -305.344 -118.12 1.20168 1.16533 0
825 788.272 -231.462 -118.12 1.09893 1.25236 0
826 806.705 -155.484 -118.12 0.92112 1.33331 0
827 817.832 -78.0978 -118.12 0.584189 1.39935 0
828 806.604 0 -195.679 -0 1.3328 0
829 802.838 77.8484 -195.679 -0.378641 1.31426 0
830 791.577 154.97 -195.679 -0.66982 1.26533 0
831 772.925 230.645 -195.679 -0.867233 1.19779 0
832 747.056 304.166 -195.679 -0.999125 1.11992 0
833 714.212 374.847 -195.679 -1.08969 1.03624 0
834 674.7 442.029 -195.679 -1.15404 0.9491 0
835 628.889 505.083 -195.679 -1.20118 0.859777 0
836 577.205 563.422 -195.679 -1.23653 0.769015 0
837 520.133 616.5 -195.679 -1.26345 0.677267 0
838 458.204 663.822 -195.679 -1.28414 0.584824 0
839 391.997 704.946 -195.679 -1.30003 0.491882 0
840 322.13 739.488 -195.679 -1.31211 0.398578 0
841 249.255 767.126 -195.679 -1.32104 0.305015 0
842 174.053 787.601 -195.679 -1.32728 0.211271 0
843 97.2263 800.723 -195.679 -1.33112 0.11741 0
844 19.4916 806.368 -195.679 -1.33273 0.023486 0
845 -58.4251 804.485 -195.679 -1.3322 -0.0704499 0
846 -135.796 795.091 -195.679 -1.32948 -0.164349 0
847 -211.9 778.273 -195.679 -1.32448 -0.258159 0
848 -286.024 754.188 -195.679 -1.31694 -0.351821 0
849 -357.479 723.062 -195.679 -1.3065 -0.445265 0
850 -425.595 685.185 -195.679 -1.29262 -0.538403 0
851 -489.738 640.91 -195.679 -1.27447 -0.631116 0
852 -549.309 590.652 -195.679 -1.25088 -0.723241 0
853 -603.751 534.879 -195.679 -1.22008 -0.81454 0
854 -652.555 474.111 -195.679 -1.17937 -0.904654 0
855 -695.267 408.917 -195.679 -1.12447 -0.993006 0
856 -731.488 339.905 -195.679 -1.04845 -1.07863 0
857 -760.878 267.72 -195.679 -0.939626 -1.15979 0
858 -783.165 193.035 -195.679 -0.778597 -1.23326 0
859 -798.139 116.547 -195.679 -0.537183 -1.29282 0
860 -805.662 38.9719 -195.679 -0.19659 -1.32803 0
861 -805.662 -38.9676 -195.679 0.196569 -1.32803 0
862 -798.14 -116.543 -195.679 0.537167 -1.29283 0
863 -783.166 -193.031 -195.679 0.778586 -1.23326 0
864 -760.88 -267.716 -195.679 0.939619 -1.1598 0
865 -731.489 -339.902 -195.679 1.04844 -1.07863 0
866 -695.269 -408.914 -195.679 1.12447 -0.99301 0
867 -652.558 -474.108 -195.679 1.17936 -0.904659 0
868 -603.753 -534.875 -195.679 1.22008 -0.814545 0
869 -549.312 -590.649 -195.679 1.25088 -0.723246 0
870 -489.742 -640.908 -195.679 1.27447 -0.631121 0
871 -425.599 -685.183 -195.679 1.29262 -0.538408 0
872 -357.483 -723.06 -195.679 1.3065 -0.44527 0
873 -286.028 -754.187 -195.679 1.31694 -0.351826 0
874 -211.904 -778.272 -195.679 1.32447 -0.258164 0
875 -135.8 -795.09 -195.679 1.32948 -0.164354 0
876 -58.4293 -804.485 -195.679 1.3322 -0.0704551 0
877 19.4873 -806.368 -195.679 1.33273 0.0234809 0
878 97.2221 -800.723 -195.679 1.33112 0.117405 0
879 174.049 -787.602 -195.679 1.32728 0.211266 0
880 249.251 -767.127 -195.679 1.32104 0.30501 0
881 322.126 -739.49 -195.679 1.31211 0.398573 0
882 391.993 -704.948 -195.679 1.30003 0.491876 0
883 458.2 -663.824 -195.679 1.28414 0.584819 0
884 520.129 -616.502 -195.679 1.26345 0.677262 0
885 577.202 -563.425 -195.679 1.23653 0.76901 0
886 628.886 -505.086 -195.679 1.20118 0.859772 0
887 674.698 -442.032 -195.679 1.15405 0.949096 0
888 714.21 -374.851 -195.679 1.08969 1.03624 0
889 747.055 -304.17 -195.679 0.999131 1.11992 0
890 772.924 -230.649 -195.679 0.867241 1.19778 0
891 791.576 -154.974 -195.679 0.669834 1.26533 0
892 802.838 -77.8527 -195.679 0.37866 1.31426 0
893 784.351 0 -271.465 -0 1.2376 0
894 780.454 78.0961 -271.465 -0.280119 1.22353 0
895 768.799 155.416 -271.465 -0.51996 1.18438 0
896 749.505 231.191 -271.465 -0.705447 1.12674 0
897 722.761 304.669 -271.465 -0.842967 1.05682 0
898 688.834 375.119 -271.465 -0.944355 0.978966 0
899 648.062 441.84 -271.465 -1.01986 0.89594 0
900 600.848 504.171 -271.465 -1.07687 0.809458 0
901 547.663 561.491 -271.465 -1.12046 0.720599 0
902 489.035 613.23 -271.465 -1.15405 0.630067 0
903 425.547 658.875 -271.465 -1.17998 0.538335 0
904 357.83 697.972 -271.465 -1.19987 0.445734 0
905 286.556 730.132 -271.465 -1.21483 0.352504 0
906 212.435 755.035 -271.465 -1.22565 0.258826 0
907 136.202 772.435 -271.465 -1.23284 0.164844 0
908 58.6156 782.158 -271.465 -1.23673 0.0706801 0
909 -19.5534 784.107 -271.465 -1.2375 -0.0235604 0
910 -97.528 778.264 -271.465 -1.23518 -0.117776 0
911 -174.533 764.686 -271.465 -1.22967 -0.211863 0
912 -249.804 743.508 -271.465 -1.22072 -0.305708 0
913 -322.592 714.941 -271.465 -1.20791 -0.399183 0
914 -392.174 679.269 -271.465 -1.1906 -0.492124 0
915 -457.859 636.845 -271.465 -1.16785 -0.584326 0
916 -518.993 588.093 -271.465 -1.13834 -0.675506 0
917 -574.969 533.495 -271.465 -1.1001 -0.765273 0
918 -625.231 473.596 -271.465 -1.05032 -0.85305 0
919 -669.279 408.99 -271.465 -0.984819 -0.937971 0
920 -706.675 340.319 -271.465 -0.897472 -1.01868 0
921 -737.048 268.266 -271.465 -0.77947 -1.093 0
922 -760.096 193.546 -271.465 -0.619377 -1.15744 0
923 -775.59 116.903 -271.465 -0.406637 -1.2067 0
924 -783.376 39.0987 -271.465 -0.143045 -1.23403 0
925 -783.376 -39.0946 -271.465 0.14303 -1.23403 0
926 -775.591 -116.899 -271.465 0.406624 -1.2067 0
927 -760.097 -193.542 -271.465 0.619367 -1.15745 0
928 -737.05 -268.262 -271.465 0.779463 -1.093 0
929 -706.677 -340.315 -271.465 0.897467 -1.01868 0
930 -669.281 -408.986 -271.465 0.984815 -0.937976 0
931 -625.233 -473.593 -271.465 1.05031 -0.853055 0
932 -574.972 -533.492 -271.465 1.1001 -0.765277 0
933 -518.996 -588.09 -271.465 1.13833 -0.675511 0
934 -457.862 -636.843 -271.465 1.16785 -0.584331 0
935 -392.178 -679.267 -271.465 1.1906 -0.492129 0
936 -322.596 -714.939 -271.465 1.20791 -0.399188 0
937 -249.808 -743.507 -271.465 1.22072 -0.305713 0
938 -174.537 -764.685 -271.465 1.22967 -0.211868 0
939 -97.5321 -778.264 -271.465 1.23518 -0.117781 0
940 -19.5575 -784.107 -271.465 1.2375 -0.0235655 0
941 58.6115 -782.158 -271.465 1.23673 0.0706751 0
942 136.198 -772.436 -271.465 1.23284 0.164839 0
943 212.431 -755.036 -271.465 1.22565 0.258821 0
944 286.553 -730.133 -271.465 1.21483 0.352499 0
945 357.826 -697.974 -271.465 1.19987 0.445729 0
946 425.544 -658.877 -271.465 1.17998 0.538331 0
947 489.032 -613.233 -271.465 1.15405 0.630063 0
948 547.66 -561.493 -271.465 1.12046 0.720595 0
949 600.845 -504.174 -271.465 1.07688 0.809453 0
950 648.059 -441.844 -271.465 1.01986 0.895936 0
951 688.832 -375.122 -271.465 0.94436 0.978961 0
952 722.759 -304.673 -271.465 0.842973 1.05682 0
953 749.503 -231.195 -271.465 0.705456 1.12674 0
954 768.799 -155.42 -271.465 0.519971 1.18437 0
955 780.453 -78.1002 -271.465 0.280134 1.22353 0
956 754.995 0 -344.793 -0 1.1424 0
957 750.859 78.9184 -344.793 -0.22501 1.13056 0
958 738.497 156.972 -344.793 -0.427223 1.09681 0
959 718.043 233.306 -344.793 -0.594886 1.04537 0
960 689.722 307.084 -344.793 -0.727615 0.980887 0
961 653.845 377.497 -344.793 -0.830646 0.907173 0
962 610.804 443.775 -344.793 -0.910266 0.827008 0
963 561.071 505.19 -344.793 -0.971911 0.742306 0
964 505.191 561.07 -344.793 -1.01976 0.654375 0
965 443.775 610.804 -344.793 -1.0569 0.564116 0
966 377.498 653.845 -344.793 -1.08552 0.472167 0
967 307.085 689.722 -344.793 -1.10723 0.378989 0
968 233.307 718.043 -344.793 -1.12313 0.284933 0
969 156.973 738.497 -344.793 -1.13399 0.19027 0
970 78.9194 750.859 -344.793 -1.14032 0.0952275 0
971 0.00100172 754.995 -344.793 -1.1424 1.2069e-06 0
972 -78.9174 750.859 -344.793 -1.14032 -0.0952251 0
973 -156.971 738.497 -344.793 -1.13399 -0.190268 0
974 -233.305 718.043 -344.793 -1.12313 -0.28493 0
975 -307.083 689.723 -344.793 -1.10723 -0.378987 0
976 -377.496 653.846 -344.793 -1.08552 -0.472164 0
977 -443.774 610.805 -344.793 -1.0569 -0.564114 0
978 -505.189 561.072 -344.793 -1.01976 -0.654373 0
979 -561.07 505.191 -344.793 -0.971912 -0.742304 0
980 -610.803 443.776 -344.793 -0.910267 -0.827006 0
981 -653.844 377.499 -344.793 -0.830648 -0.907171 0
982 -689.722 307.086 -344.793 -0.727618 -0.980885 0
983 -718.042 233.308 -344.793 -0.59489 -1.04537 0
984 -738.496 156.974 -344.793 -0.427228 -1.09681 0
985 -750.859 78.9204 -344.793 -0.225016 -1.13056 0
986 -754.995 0.00200345 -344.793 -5.81058e-06 -1.1424 0
987 -750.859 -78.9164 -344.793 0.225005 -1.13056 0
988 -738.497 -156.97 -344.793 0.427219 -1.09681 0
989 -718.044 -233.304 -344.793 0.594882 -1.04538 0
990 -689.723 -307.082 -344.793 0.727612 -0.980888 0
991 -653.846 -377.496 -344.793 0.830643 -0.907174 0
992 -610.805 -443.773 -344.793 0.910264 -0.82701 0
993 -561.072 -505.189 -344.793 0.971909 -0.742308 0
994 -505.192 -561.069 -344.793 1.01976 -0.654377 0
995 -443.777 -610.802 -344.793 1.05689 -0.564119 0
996 -377.5 -653.844 -344.793 1.08552 -0.472169 0
997 -307.087 -689.721 -344.793 1.10723 -0.378992 0
998 -233.309 -718.042 -344.793 1.12313 -0.284935 0
999 -156.975 -738.496 -344.793 1.13399 -0.190273 0
1000 -78.9214 -750.859 -344.793 1.14032 -0.0952299 0
1001 -0.00300517 -754.995 -344.793 1.1424 -3.62069e-06 0
1002 78.9154 -750.86 -344.793 1.14032 0.0952227 0
1003 156.969 -738.497 -344.793 1.13399 0.190265 0
1004 233.303 -718.044 -344.793 1.12313 0.284928 0
1005 307.081 -689.724 -344.793 1.10723 0.378985 0
1006 377.495 -653.847 -344.793 1.08552 0.472162 0
1007 443.772 -610.806 -344.793 1.0569 0.564112 0
1008 505.188 -561.073 -344.793 1.01977 0.654371 0
1009 561.068 -505.193 -344.793 0.971914 0.742302 0
1010 610.802 -443.778 -344.793 0.910269 0.827003 0
1011 653.843 -377.501 -344.793 0.83065 0.907169 0
1012 689.721 -307.088 -344.793 0.727621 0.980883 0
1013 718.042 -233.31 -344.793 0.594894 1.04537 0
1014 738.496 -156.976 -344.793 0.427233 1.09681 0
1015 750.859 -78.9224 -344.793 0.225021 1.13056 0
1016 718.802 0 -414.999 -0 1.0472 0
1017 714.439 79.074 -414.999 -0.188284 1.03678 0
1018 701.404 157.188 -414.999 -0.36207 1.00669 0
1019 679.855 233.394 -414.999 -0.512312 0.959845 0
1020 650.054 306.767 -414.999 -0.636554 0.899791 0
1021 612.361 376.417 -414.999 -0.736686 0.829783 0
1022 567.236 441.497 -414.999 -0.816326 0.752433 0
1023 515.225 501.218 -414.999 -0.879225 0.669703 0
1024 456.96 554.855 -414.999 -0.928614 0.583028 0
1025 393.148 601.756 -414.999 -0.967053 0.493456 0
1026 324.564 641.354 -414.999 -0.996486 0.401762 0
1027 252.04 673.166 -414.999 -1.01834 0.308534 0
1028 176.456 696.806 -414.999 -1.03364 0.214233 0
1029 98.7308 711.989 -414.999 -1.04307 0.119235 0
1030 19.807 718.529 -414.999 -1.04703 0.0238662 0
1031 -59.3572 716.347 -414.999 -1.04572 -0.0715758 0
1032 -137.801 705.469 -414.999 -1.03905 -0.166798 0
1033 -214.572 686.028 -414.999 -1.02676 -0.26149 0
1034 -288.738 658.26 -414.999 -1.00829 -0.355306 0
1035 -359.4 622.501 -414.999 -0.982796 -0.447831 0
1036 -425.699 579.186 -414.999 -0.949069 -0.538548 0
1037 -486.83 528.841 -414.999 -0.905434 -0.626783 0
1038 -542.052 472.076 -414.999 -0.849652 -0.711638 0
1039 -590.695 409.58 -414.999 -0.778827 -0.791887 0
1040 -632.167 342.113 -414.999 -0.689426 -0.86585 0
1041 -665.965 270.493 -414.999 -0.577635 -0.931251 0
1042 -691.68 195.59 -414.999 -0.440428 -0.985139 0
1043 -708.998 118.313 -414.999 -0.277724 -1.02404 0
1044 -717.71 39.5991 -414.999 -0.0951317 -1.04457 0
1045 -717.71 -39.5952 -414.999 0.0951226 -1.04458 0
1046 -708.999 -118.309 -414.999 0.277716 -1.02404 0
1047 -691.681 -195.586 -414.999 0.44042 -0.985141 0
1048 -665.966 -270.49 -414.999 0.577629 -0.931254 0
1049 -632.168 -342.11 -414.999 0.689421 -0.865854 0
1050 -590.697 -409.577 -414.999 0.778823 -0.791891 0
1051 -542.055 -472.073 -414.999 0.849649 -0.711642 0
1052 -486.833 -528.838 -414.999 0.905432 -0.626787 0
1053 -425.702 -579.184 -414.999 0.949067 -0.538552 0
1054 -359.403 -622.499 -414.999 0.982795 -0.447836 0
1055 -288.742 -658.258 -414.999 1.00829 -0.355311 0
1056 -214.576 -686.027 -414.999 1.02676 -0.261495 0
1057 -137.805 -705.469 -414.999 1.03905 -0.166802 0
1058 -59.361 -716.347 -414.999 1.04572 -0.0715804 0
1059 19.8032 -718.529 -414.999 1.04703 0.0238616 0
1060 98.7271 -711.989 -414.999 1.04307 0.119231 0
1061 176.452 -696.807 -414.999 1.03364 0.214228 0
1062 252.036 -673.167 -414.999 1.01834 0.308529 0
1063 324.56 -641.355 -414.999 0.996487 0.401757 0
1064 393.145 -601.759 -414.999 0.967055 0.493451 0
1065 456.957 -554.857 -414.999 0.928616 0.583023 0
1066 515.222 -501.221 -414.999 0.879228 0.669699 0
1067 567.234 -441.5 -414.999 0.81633 0.752429 0
1068 612.359 -376.42 -414.999 0.73669 0.829779 0
1069 650.052 -306.771 -414.999 0.636559 0.899788 0
1070 679.854 -233.398 -414.999 0.512318 0.959842 0
1071 701.403 -157.192 -414.999 0.362078 1.00669 0
1072 714.439 -79.0778 -414.999 0.188292 1.03678 0
1073 676.099 0 -481.446 -0 0.952 0
1074 671.527 78.4902 -481.446 -0.161608 0.942567 0
1075 657.875 155.919 -481.446 -0.313197 0.915094 0
1076 635.325 231.239 -481.446 -0.447765 0.871744 0
1077 604.184 303.432 -481.446 -0.562367 0.815302 0
1078 564.873 371.522 -481.446 -0.657232 0.748539 0
1079 517.922 434.588 -481.446 -0.734289 0.673854 0
1080 463.968 491.776 -481.446 -0.796012 0.593176 0
1081 403.739 542.314 -481.446 -0.844784 0.508002 0
1082 338.05 585.519 -481.446 -0.882631 0.419484 0
1083 267.79 620.805 -481.446 -0.911162 0.328515 0
1084 193.908 647.695 -481.446 -0.931583 0.235803 0
1085 117.404 665.827 -481.446 -0.944748 0.141927 0
1086 39.3125 674.955 -481.446 -0.951199 0.0473822 0
1087 -39.3107 674.955 -481.446 -0.951199 -0.04738 0
1088 -117.402 665.828 -481.446 -0.944748 -0.141925 0
1089 -193.906 647.696 -481.446 -0.931584 -0.235801 0
1090 -267.788 620.805 -481.446 -0.911162 -0.328513 0
1091 -338.048 585.519 -481.446 -0.882632 -0.419482 0
1092 -403.737 542.315 -481.446 -0.844785 -0.508 0
1093 -463.966 491.777 -481.446 -0.796013 -0.593174 0
1094 -517.921 434.589 -481.446 -0.734291 -0.673853 0
1095 -564.872 371.524 -481.446 -0.657234 -0.748538 0
1096 -604.183 303.434 -481.446 -0.56237 -0.815301 0
1097 -635.325 231.241 -481.446 -0.447768 -0.871742 0
1098 -657.874 155.921 -481.446 -0.3132 -0.915093 0
1099 -671.527 78.492 -481.446 -0.161612 -0.942566 0
1100 -676.099 0.00179409 -481.446 -3.72646e-06 -0.952 0
1101 -671.528 -78.4884 -481.446 0.161605 -0.942567 0
1102 -657.875 -155.917 -481.446 0.313193 -0.915095 0
1103 -635.326 -231.238 -481.446 0.447762 -0.871745 0
1104 -604.185 -303.431 -481.446 0.562365 -0.815304 0
1105 -564.874 -371.521 -481.446 0.65723 -0.748541 0
1106 -517.923 -434.586 -481.446 0.734288 -0.673856 0
1107 -463.969 -491.775 -481.446 0.796011 -0.593178 0
1108 -403.74 -542.313 -481.446 0.844783 -0.508004 0
1109 -338.052 -585.518 -481.446 0.882631 -0.419486 0
1110 -267.791 -620.804 -481.446 0.911161 -0.328518 0
1111 -193.91 -647.695 -481.446 0.931583 -0.235805 0
1112 -117.406 -665.827 -481.446 0.944748 -0.141929 0
1113 -39.3143 -674.955 -481.446 0.951199 -0.0473844 0
1114 39.3089 -674.955 -481.446 0.951199 0.0473779 0
1115 117.401 -665.828 -481.446 0.944749 0.141922 0
1116 193.905 -647.697 -481.446 0.931584 0.235799 0
1117 267.786 -620.806 -481.446 0.911163 0.328511 0
1118 338.047 -585.52 -481.446 0.882633 0.41948 0
1119 403.736 -542.316 -481.446 0.844786 0.507998 0
1120 463.965 -491.779 -481.446 0.796015 0.593172 0
1121 517.92 -434.59 -481.446 0.734292 0.673851 0
1122 564.871 -371.525 -481.446 0.657236 0.748536 0
1123 604.183 -303.436 -481.446 0.562372 0.815299 0
1124 635.324 -231.243 -481.446 0.447771 0.871741 0
1125 657.874 -155.923 -481.446 0.313203 0.915093 0
1126 671.527 -78.4938 -481.446 0.161616 0.942566 0
1127 627.273 0 -543.533 -0 0.8568 0
1128 622.327 78.6181 -543.533 -0.143646 0.847747 0
1129 607.566 155.996 -543.533 -0.279492 0.821264 0
1130 583.224 230.914 -543.533 -0.401735 0.779156 0
1131 549.684 302.191 -543.533 -0.507419 0.723844 0
1132 507.475 368.702 -543.533 -0.596042 0.657848 0
1133 457.263 429.398 -543.533 -0.668621 0.583465 0
1134 399.839 483.322 -543.533 -0.726829 0.502633 0
1135 336.11 529.624 -543.533 -0.772438 0.416926 0
1136 267.08 567.574 -543.533 -0.807031 0.327613 0
1137 193.839 596.572 -543.533 -0.831886 0.235717 0
1138 117.54 616.162 -543.533 -0.847944 0.142092 0
1139 39.3876 626.035 -543.533 -0.855822 0.0474728 0
1140 -39.3859 626.035 -543.533 -0.855822 -0.0474708 0
1141 -117.538 616.163 -543.533 -0.847944 -0.14209 0
1142 -193.837 596.573 -543.533 -0.831886 -0.235715 0
1143 -267.079 567.574 -543.533 -0.807032 -0.327611 0
1144 -336.109 529.625 -543.533 -0.772439 -0.416925 0
1145 -399.838 483.323 -543.533 -0.72683 -0.502631 0
1146 -457.262 429.399 -543.533 -0.668622 -0.583463 0
1147 -507.474 368.703 -543.533 -0.596044 -0.657847 0
1148 -549.683 302.192 -543.533 -0.507421 -0.723843 0
1149 -583.223 230.916 -543.533 -0.401737 -0.779155 0
1150 -607.566 155.998 -543.533 -0.279495 -0.821263 0
1151 -622.327 78.6198 -543.533 -0.143649 -0.847747 0
1152 -627.273 0.00166453 -543.533 -3.06242e-06 -0.8568 0
1153 -622.327 -78.6165 -543.533 0.143643 -0.847747 0
1154 -607.567 -155.995 -543.533 0.279489 -0.821265 0
1155 -583.225 -230.913 -543.533 0.401732 -0.779157 0
1156 -549.685 -302.189 -543.533 0.507417 -0.723845 0
1157 -507.476 -368.7 -543.533 0.596041 -0.65785 0
1158 -457.264 -429.397 -543.533 0.66862 -0.583467 0
1159 -399.841 -483.321 -543.533 0.726828 -0.502634 0
1160 -336.112 -529.623 -543.533 0.772437 -0.416928 0
1161 -267.082 -567.573 -543.533 0.807031 -0.327615 0
1162 -193.84 -596.572 -543.533 0.831885 -0.235719 0
1163 -117.542 -616.162 -543.533 0.847944 -0.142094 0
1164 -39.3893 -626.035 -543.533 0.855822 -0.0474748 0
1165 39.3843 -626.036 -543.533 0.855822 0.0474688 0
1166 117.537 -616.163 -543.533 0.847945 0.142088 0
1167 193.836 -596.573 -543.533 0.831887 0.235713 0
1168 267.077 -567.575 -543.533 0.807032 0.327609 0
1169 336.107 -529.626 -543.533 0.77244 0.416923 0
1170 399.837 -483.324 -543.533 0.726831 0.502629 0
1171 457.26 -429.4 -543.533 0.668624 0.583462 0
1172 507.473 -368.704 -543.533 0.596046 0.657845 0
1173 549.682 -302.194 -543.533 0.507423 0.723841 0
1174 583.223 -230.918 -543.533 0.40174 0.779154 0
1175 607.565 -156 -543.533 0.279497 0.821263 0
1176 622.327 -78.6214 -543.533 0.143652 0.847746 0
1177 572.767 0 -600.698 -0 0.7616 0
1178 567.432 77.9917 -600.698 -0.129113 0.752756 0
1179 551.527 154.531 -600.698 -0.251792 0.726812 0
1180 525.348 228.191 -600.698 -0.363039 0.685357 0
1181 489.383 297.6 -600.698 -0.45998 0.630586 0
1182 444.302 361.466 -600.698 -0.5417 0.564867 0
1183 390.944 418.598 -600.698 -0.608611 0.490443 0
1184 330.304 467.933 -600.698 -0.661793 0.409288 0
1185 263.51 508.551 -600.698 -0.702517 0.323073 0
1186 191.808 539.696 -600.698 -0.731957 0.233203 0
1187 116.533 560.787 -600.698 -0.751049 0.140867 0
1188 39.0877 571.431 -600.698 -0.760435 0.0471111 0
1189 -39.0862 571.432 -600.698 -0.760435 -0.0471092 0
1190 -116.532 560.787 -600.698 -0.75105 -0.140865 0
1191 -191.807 539.696 -600.698 -0.731957 -0.233201 0
1192 -263.509 508.552 -600.698 -0.702517 -0.323072 0
1193 -330.302 467.934 -600.698 -0.661794 -0.409286 0
1194 -390.943 418.599 -600.698 -0.608612 -0.490442 0
1195 -444.301 361.467 -600.698 -0.541702 -0.564866 0
1196 -489.382 297.602 -600.698 -0.459982 -0.630585 0
1197 -525.348 228.192 -600.698 -0.363041 -0.685356 0
1198 -551.527 154.532 -600.698 -0.251794 -0.726811 0
1199 -567.432 77.9932 -600.698 -0.129115 -0.752756 0
1200 -572.767 0.00151989 -600.698 -2.5302e-06 -0.7616 0
1201 -567.432 -77.9902 -600.698 0.12911 -0.752757 0
1202 -551.527 -154.529 -600.698 0.25179 -0.726812 0
1203 -525.349 -228.189 -600.698 0.363037 -0.685358 0
1204 -489.384 -297.599 -600.698 0.459978 -0.630587 0
1205 -444.303 -361.465 -600.698 0.541699 -0.564868 0
1206 -390.945 -418.597 -600.698 0.60861 -0.490445 0
1207 -330.305 -467.932 -600.698 0.661792 -0.40929 0
1208 -263.512 -508.55 -600.698 0.702516 -0.323075 0
1209 -191.81 -539.695 -600.698 0.731956 -0.233204 0
1210 -116.535 -560.786 -600.698 0.751049 -0.140869 0
1211 -39.0892 -571.431 -600.698 0.760435 -0.0471129 0
1212 39.0847 -571.432 -600.698 0.760435 0.0471074 0
1213 116.531 -560.787 -600.698 0.75105 0.140864 0
1214 191.806 -539.697 -600.698 0.731958 0.233199 0
1215 263.508 -508.552 -600.698 0.702518 0.32307 0
1216 330.301 -467.935 -600.698 0.661795 0.409285 0
1217 390.942 -418.6 -600.698 0.608613 0.49044 0
1218 444.3 -361.468 -600.698 0.541703 0.564864 0
1219 489.382 -297.603 -600.698 0.459984 0.630584 0
1220 525.347 -228.194 -600.698 0.363043 0.685355 0
1221 551.526 -154.533 -600.698 0.251796 0.72681 0
1222 567.432 -77.9947 -600.698 0.129118 0.752756 0
1223 513.073 0 -652.423 -0 0.666401 0
1224 507.06 78.3202 -652.423 -0.119473 0.657217 0
1225 489.162 154.805 -652.423 -0.232968 0.630257 0
1226 459.799 227.661 -652.423 -0.335736 0.587131 0
1227 419.658 295.18 -652.423 -0.424879 0.530091 0
1228 369.681 355.781 -652.423 -0.499246 0.461619 0
1229 311.038 408.043 -652.423 -0.558907 0.384122 0
1230 245.106 450.741 -652.423 -0.604574 0.299778 0
1231 173.428 482.874 -652.423 -0.63715 0.2105 0
1232 97.6852 503.688 -652.423 -0.65745 0.117966 0
1233 19.6528 512.697 -652.423 -0.666044 0.0236803 0
1234 -58.8403 509.688 -652.423 -0.663187 -0.0709514 0
1235 -135.954 494.733 -652.423 -0.648793 -0.164542 0
1236 -209.881 468.182 -652.423 -0.622444 -0.255645 0
1237 -278.889 430.657 -652.423 -0.583434 -0.342679 0
1238 -341.36 383.037 -652.423 -0.53088 -0.423855 0
1239 -395.83 326.44 -652.423 -0.463928 -0.497128 0
1240 -441.022 262.191 -652.423 -0.38212 -0.560195 0
1241 -475.876 191.797 -652.423 -0.285921 -0.610583 0
1242 -499.577 116.907 -652.423 -0.177307 -0.645878 0
1243 -511.568 39.2767 -652.423 -0.0601287 -0.664095 0
1244 -511.568 -39.274 -652.423 0.0601246 -0.664095 0
1245 -499.577 -116.904 -652.423 0.177303 -0.645879 0
1246 -475.877 -191.794 -652.423 0.285917 -0.610584 0
1247 -441.023 -262.189 -652.423 0.382117 -0.560197 0
1248 -395.832 -326.438 -652.423 0.463925 -0.497131 0
1249 -341.362 -383.035 -652.423 0.530878 -0.423858 0
1250 -278.892 -430.655 -652.423 0.583433 -0.342681 0
1251 -209.884 -468.181 -652.423 0.622442 -0.255648 0
1252 -135.957 -494.732 -652.423 0.648792 -0.164545 0
1253 -58.843 -509.688 -652.423 0.663186 -0.0709547 0
1254 19.6501 -512.697 -652.423 0.666044 0.023677 0
1255 97.6825 -503.689 -652.423 0.657451 0.117963 0
1256 173.425 -482.875 -652.423 0.637151 0.210497 0
1257 245.103 -450.742 -652.423 0.604575 0.299775 0
1258 311.036 -408.045 -652.423 0.558909 0.384119 0
1259 369.679 -355.783 -652.423 0.499248 0.461617 0
1260 419.656 -295.183 -652.423 0.424882 0.530089 0
1261 459.798 -227.663 -652.423 0.335739 0.587129 0
1262 489.161 -154.807 -652.423 0.232972 0.630255 0
1263 507.06 -78.3229 -652.423 0.119477 0.657217 0
1264 448.733 0 -698.239 -0 0.571201 0
1265 441.916 77.9217 -698.239 -0.111138 0.561468 0
1266 421.672 153.476 -698.239 -0.216363 0.532905 0
1267 388.615 224.367 -698.239 -0.310911 0.487264 0
1268 343.75 288.44 -698.239 -0.391745 0.427016 0
1269 288.441 343.75 -698.239 -0.457476 0.354924 0
1270 224.367 388.614 -698.239 -0.507868 0.273727 0
1271 153.476 421.671 -698.239 -0.543287 0.185982 0
1272 77.9223 441.916 -698.239 -0.56426 0.0940207 0
1273 0.000595377 448.733 -698.239 -0.571201 7.17322e-07 0
1274 -77.9211 441.916 -698.239 -0.564261 -0.0940193 0
1275 -153.475 421.672 -698.239 -0.543287 -0.18598 0
1276 -224.366 388.615 -698.239 -0.507869 -0.273726 0
1277 -288.44 343.75 -698.239 -0.457477 -0.354922 0
1278 -343.749 288.441 -698.239 -0.391746 -0.427015 0
1279 -388.614 224.368 -698.239 -0.310912 -0.487264 0
1280 -421.671 153.477 -698.239 -0.216365 -0.532905 0
1281 -441.916 77.9228 -698.239 -0.111139 -0.561467 0
1282 -448.733 0.00119075 -698.239 -1.70537e-06 -0.571201 0
1283 -441.916 -77.9205 -698.239 0.111136 -0.561468 0
1284 -421.672 -153.475 -698.239 0.216362 -0.532906 0
1285 -388.615 -224.365 -698.239 0.310909 -0.487265 0
1286 -343.751 -288.439 -698.239 0.391744 -0.427017 0
1287 -288.441 -343.749 -698.239 0.457475 -0.354925 0
1288 -224.368 -388.614 -698.239 0.507867 -0.273728 0
1289 -153.477 -421.671 -698.239 0.543287 -0.185983 0
1290 -77.9234 -441.916 -698.239 0.56426 -0.0940221 0
1291 -0.00178613 -448.733 -698.239 0.571201 -2.15197e-06 0
1292 77.9199 -441.916 -698.239 0.564261 0.0940179 0
1293 153.474 -421.672 -698.239 0.543288 0.185979 0
1294 224.365 -388.616 -698.239 0.507869 0.273725 0
1295 288.439 -343.751 -698.239 0.457478 0.354921 0
1296 343.748 -288.442 -698.239 0.391747 0.427014 0
1297 388.613 -224.369 -698.239 0.310913 0.487263 0
1298 421.671 -153.478 -698.239 0.216366 0.532904 0
1299 441.916 -77.924 -698.239 0.111141 0.561467 0
1300 380.33 0 -737.733 -0 0.476001 0
1301 372.019 79.0749 -737.733 -0.106779 0.464768 0
1302 347.449 154.694 -737.733 -0.206694 0.431917 0
1303 307.693 223.552 -737.733 -0.29423 0.379779 0
1304 254.49 282.64 -737.733 -0.36587 0.311635 0
1305 190.165 329.375 -737.733 -0.419914 0.231168 0
1306 117.529 361.715 -737.733 -0.455863 0.142078 0
1307 39.7557 378.246 -737.733 -0.473767 0.0479168 0
1308 -39.7547 378.246 -737.733 -0.473767 -0.0479156 0
1309 -117.528 361.715 -737.733 -0.455863 -0.142077 0
1310 -190.164 329.375 -737.733 -0.419915 -0.231167 0
1311 -254.49 282.641 -737.733 -0.365871 -0.311634 0
1312 -307.693 223.553 -737.733 -0.294231 -0.379778 0
1313 -347.448 154.695 -737.733 -0.206695 -0.431917 0
1314 -372.018 79.0759 -737.733 -0.10678 -0.464767 0
1315 -380.33 0.00100924 -737.733 -1.36803e-06 -0.476001 0
1316 -372.019 -79.0739 -737.733 0.106777 -0.464768 0
1317 -347.449 -154.693 -737.733 0.206692 -0.431918 0
1318 -307.694 -223.551 -737.733 0.294229 -0.379779 0
1319 -254.491 -282.639 -737.733 0.365869 -0.311636 0
1320 -190.166 -329.374 -737.733 0.419913 -0.231169 0
1321 -117.53 -361.715 -737.733 0.455862 -0.14208 0
1322 -39.7567 -378.246 -737.733 0.473767 -0.047918 0
1323 39.7537 -378.246 -737.733 0.473768 0.0479144 0
1324 117.527 -361.716 -737.733 0.455863 0.142076 0
1325 190.163 -329.376 -737.733 0.419915 0.231166 0
1326 254.489 -282.641 -737.733 0.365872 0.311633 0
1327 307.692 -223.554 -737.733 0.294232 0.379777 0
1328 347.448 -154.696 -737.733 0.206696 0.431916 0
1329 372.018 -79.0769 -737.733 0.106781 0.464767 0
1330 308.482 0 -770.545 -0 0.380801 0
1331 297.97 79.8409 -770.545 -0.103248 0.367197 0
1332 267.153 154.241 -770.545 -0.19756 0.327705 0
1333 218.13 218.129 -770.545 -0.275867 0.26593 0
1334 154.241 267.153 -770.545 -0.333738 0.186919 0
1335 79.8413 297.97 -770.545 -0.368989 0.0963433 0
1336 0.000409292 308.482 -770.545 -0.380801 4.93123e-07 0
1337 -79.8405 297.971 -770.545 -0.36899 -0.0963423 0
1338 -154.24 267.153 -770.545 -0.333738 -0.186918 0
1339 -218.129 218.13 -770.545 -0.275867 -0.265929 0
1340 -267.153 154.241 -770.545 -0.197561 -0.327705 0
1341 -297.97 79.8416 -770.545 -0.103249 -0.367196 0
1342 -308.482 0.000818584 -770.545 -1.06234e-06 -0.380801 0
1343 -297.971 -79.8401 -770.545 0.103247 -0.367197 0
1344 -267.153 -154.24 -770.545 0.197559 -0.327706 0
1345 -218.13 -218.129 -770.545 0.275866 -0.265931 0
1346 -154.242 -267.152 -770.545 0.333737 -0.18692 0
1347 -79.842 -297.97 -770.545 0.368989 -0.0963442 0
1348 -0.00122788 -308.482 -770.545 0.380801 -1.47937e-06 0
1349 79.8397 -297.971 -770.545 0.36899 0.0963413 0
1350 154.24 -267.154 -770.545 0.333739 0.186917 0
1351 218.128 -218.13 -770.545 0.275868 0.265929 0
1352 267.152 -154.242 -770.545 0.197562 0.327704 0
1353 297.97 -79.8424 -770.545 0.10325 0.367196 0
1354 233.84 0 -796.379 -0 0.285602 0
1355 219.738 79.9779 -796.379 -0.100091 0.267939 0
1356 179.132 150.309 -796.379 -0.186547 0.217533 0
1357 116.92 202.511 -796.379 -0.249012 0.141338 0
1358 40.6062 230.287 -796.379 -0.28149 0.0489426 0
1359 -40.6055 230.287 -796.379 -0.28149 -0.0489419 0
1360 -116.92 202.512 -796.379 -0.249013 -0.141337 0
1361 -179.131 150.31 -796.379 -0.186547 -0.217533 0
1362 -219.737 79.9785 -796.379 -0.100092 -0.267938 0
1363 -233.84 0.000620515 -796.379 -7.79171e-07 -0.285602 0
1364 -219.738 -79.9773 -796.379 0.100091 -0.267939 0
1365 -179.132 -150.309 -796.379 0.186546 -0.217534 0
1366 -116.921 -202.511 -796.379 0.249012 -0.141338 0
1367 -40.6068 -230.287 -796.379 0.28149 -0.0489433 0
1368 40.6049 -230.288 -796.379 0.28149 0.0489411 0
1369 116.919 -202.512 -796.379 0.249013 0.141336 0
1370 179.131 -150.31 -796.379 0.186548 0.217532 0
1371 219.737 -79.9791 -796.379 0.100093 0.267938 0
1372 157.081 0 -815 -0 0.190402 0
1373 136.036 78.5402 -815 -0.0960717 0.164641 0
1374 78.5404 136.036 -815 -0.16539 0.0947688 0
1375 0.000208414 157.081 -815 -0.190402 2.51101e-07 0
1376 -78.54 136.036 -815 -0.16539 -0.0947683 0
1377 -136.036 78.5406 -815 -0.0960721 -0.164641 0
1378 -157.081 0.000416827 -815 -5.11444e-07 -0.190402 0
1379 -136.036 -78.5399 -815 0.0960712 -0.164642 0
1380 -78.5408 -136.035 -815 0.16539 -0.0947692 0
1381 -0.000625241 -157.081 -815 0.190402 -7.53302e-07 0
1382 78.5397 -136.036 -815 0.165391 0.0947679 0
1383 136.035 -78.5409 -815 0.0960725 0.164641 0
1384 78.8986 0 -826.241 -0 0.0952024 0
1385 39.4494 68.3282 -826.241 -0.0825099 0.0475473 0
1386 -39.4492 68.3283 -826.241 -0.08251 -0.0475471 0
1387 -78.8986 0.000209365 -826.241 -2.53394e-07 -0.0952024 0
1388 -39.4496 -68.3281 -826.241 0.0825097 -0.0475475 0
1389 39.449 -68.3284 -826.241 0.0825101 0.0475469 0
