No	x	y	z	Rx	Ry	Rz
1	-7.50952 -2.76667 8.3 180 0 0
2	-7.50952 -1.97619 8.3 180 0 0
3	-7.50952 -1.18571 8.3 180 0 0
4	-7.50952 -0.395238 8.3 180 0 0
5	-7.50952 0.395238 8.3 180 0 0
6	-7.50952 1.18571 8.3 180 0 0
7	-7.50952 1.97619 8.3 180 0 0
8	-7.50952 2.76667 8.3 180 0 0
9	-6.71905 -4.34762 8.3 180 0 0
10	-6.71905 -3.55714 8.3 180 0 0
11	-6.71905 -2.76667 8.3 180 0 0
12	-6.71905 -1.97619 8.3 180 0 0
13	-6.71905 -1.18571 8.3 180 0 0
14	-6.71905 -0.395238 8.3 180 0 0
15	-6.71905 0.395238 8.3 180 0 0
16	-6.71905 1.18571 8.3 180 0 0
17	-6.71905 1.97619 8.3 180 0 0
18	-6.71905 2.76667 8.3 180 0 0
19	-6.71905 3.55714 8.3 180 0 0
20	-6.71905 4.34762 8.3 180 0 0
21	-5.92857 -5.1381 8.3 180 0 0
22	-5.92857 -4.34762 8.3 180 0 0
23	-5.92857 -3.55714 8.3 180 0 0
24	-5.92857 -2.76667 8.3 180 0 0
25	-5.92857 -1.97619 8.3 180 0 0
26	-5.92857 -1.18571 8.3 180 0 0
27	-5.92857 -0.395238 8.3 180 0 0
28	-5.92857 0.395238 8.3 180 0 0
29	-5.92857 1.18571 8.3 180 0 0
30	-5.92857 1.97619 8.3 180 0 0
31	-5.92857 2.76667 8.3 180 0 0
32	-5.92857 3.55714 8.3 180 0 0
33	-5.92857 4.34762 8.3 180 0 0
34	-5.92857 5.1381 8.3 180 0 0
35	-5.1381 -5.92857 8.3 180 0 0
36	-5.1381 -5.1381 8.3 180 0 0
37	-5.1381 -4.34762 8.3 180 0 0
38	-5.1381 -3.55714 8.3 180 0 0
39	-5.1381 -2.76667 8.3 180 0 0
40	-5.1381 -1.97619 8.3 180 0 0
41	-5.1381 -1.18571 8.3 180 0 0
42	-5.1381 -0.395238 8.3 180 0 0
43	-5.1381 0.395238 8.3 180 0 0
44	-5.1381 1.18571 8.3 180 0 0
45	-5.1381 1.97619 8.3 180 0 0
46	-5.1381 2.76667 8.3 180 0 0
47	-5.1381 3.55714 8.3 180 0 0
48	-5.1381 4.34762 8.3 180 0 0
49	-5.1381 5.1381 8.3 180 0 0
50	-5.1381 5.92857 8.3 180 0 0
51	-4.34762 -6.71905 8.3 180 0 0
52	-4.34762 -5.92857 8.3 180 0 0
53	-4.34762 -5.1381 8.3 180 0 0
54	-4.34762 -4.34762 8.3 180 0 0
55	-4.34762 -3.55714 8.3 180 0 0
56	-4.34762 -2.76667 8.3 180 0 0
57	-4.34762 -1.97619 8.3 180 0 0
58	-4.34762 -1.18571 8.3 180 0 0
59	-4.34762 -0.395238 8.3 180 0 0
60	-4.34762 0.395238 8.3 180 0 0
61	-4.34762 1.18571 8.3 180 0 0
62	-4.34762 1.97619 8.3 180 0 0
63	-4.34762 2.76667 8.3 180 0 0
64	-4.34762 3.55714 8.3 180 0 0
65	-4.34762 4.34762 8.3 180 0 0
66	-4.34762 5.1381 8.3 180 0 0
67	-4.34762 5.92857 8.3 180 0 0
68	-4.34762 6.71905 8.3 180 0 0
69	-3.55714 -6.71905 8.3 180 0 0
70	-3.55714 -5.92857 8.3 180 0 0
71	-3.55714 -5.1381 8.3 180 0 0
72	-3.55714 -4.34762 8.3 180 0 0
73	-3.55714 -3.55714 8.3 180 0 0
74	-3.55714 -2.76667 8.3 180 0 0
75	-3.55714 -1.97619 8.3 180 0 0
76	-3.55714 -1.18571 8.3 180 0 0
77	-3.55714 -0.395238 8.3 180 0 0
78	-3.55714 0.395238 8.3 180 0 0
79	-3.55714 1.18571 8.3 180 0 0
80	-3.55714 1.97619 8.3 180 0 0
81	-3.55714 2.76667 8.3 180 0 0
82	-3.55714 3.55714 8.3 180 0 0
83	-3.55714 4.34762 8.3 180 0 0
84	-3.55714 5.1381 8.3 180 0 0
85	-3.55714 5.92857 8.3 180 0 0
86	-3.55714 6.71905 8.3 180 0 0
87	-2.76667 -7.50952 8.3 180 0 0
88	-2.76667 -6.71905 8.3 180 0 0
89	-2.76667 -5.92857 8.3 180 0 0
90	-2.76667 -5.1381 8.3 180 0 0
91	-2.76667 -4.34762 8.3 180 0 0
92	-2.76667 -3.55714 8.3 180 0 0
93	-2.76667 -2.76667 8.3 180 0 0
94	-2.76667 -1.97619 8.3 180 0 0
95	-2.76667 -1.18571 8.3 180 0 0
96	-2.76667 -0.395238 8.3 180 0 0
97	-2.76667 0.395238 8.3 180 0 0
98	-2.76667 1.18571 8.3 180 0 0
99	-2.76667 1.97619 8.3 180 0 0
100	-2.76667 2.76667 8.3 180 0 0
101	-2.76667 3.55714 8.3 180 0 0
102	-2.76667 4.34762 8.3 180 0 0
103	-2.76667 5.1381 8.3 180 0 0
104	-2.76667 5.92857 8.3 180 0 0
105	-2.76667 6.71905 8.3 180 0 0
106	-2.76667 7.50952 8.3 180 0 0
107	-1.97619 -7.50952 8.3 180 0 0
108	-1.97619 -6.71905 8.3 180 0 0
109	-1.97619 -5.92857 8.3 180 0 0
110	-1.97619 -5.1381 8.3 180 0 0
111	-1.97619 -4.34762 8.3 180 0 0
112	-1.97619 -3.55714 8.3 180 0 0
113	-1.97619 -2.76667 8.3 180 0 0
114	-1.97619 -1.97619 8.3 180 0 0
115	-1.97619 -1.18571 8.3 180 0 0
116	-1.97619 -0.395238 8.3 180 0 0
117	-1.97619 0.395238 8.3 180 0 0
118	-1.97619 1.18571 8.3 180 0 0
119	-1.97619 1.97619 8.3 180 0 0
120	-1.97619 2.76667 8.3 180 0 0
121	-1.97619 3.55714 8.3 180 0 0
122	-1.97619 4.34762 8.3 180 0 0
123	-1.97619 5.1381 8.3 180 0 0
124	-1.97619 5.92857 8.3 180 0 0
125	-1.97619 6.71905 8.3 180 0 0
126	-1.97619 7.50952 8.3 180 0 0
127	-1.18571 -7.50952 8.3 180 0 0
128	-1.18571 -6.71905 8.3 180 0 0
129	-1.18571 -5.92857 8.3 180 0 0
130	-1.18571 -5.1381 8.3 180 0 0
131	-1.18571 -4.34762 8.3 180 0 0
132	-1.18571 -3.55714 8.3 180 0 0
133	-1.18571 -2.76667 8.3 180 0 0
134	-1.18571 -1.97619 8.3 180 0 0
135	-1.18571 -1.18571 8.3 180 0 0
136	-1.18571 -0.395238 8.3 180 0 0
137	-1.18571 0.395238 8.3 180 0 0
138	-1.18571 1.18571 8.3 180 0 0
139	-1.18571 1.97619 8.3 180 0 0
140	-1.18571 2.76667 8.3 180 0 0
141	-1.18571 3.55714 8.3 180 0 0
142	-1.18571 4.34762 8.3 180 0 0
143	-1.18571 5.1381 8.3 180 0 0
144	-1.18571 5.92857 8.3 180 0 0
145	-1.18571 6.71905 8.3 180 0 0
146	-1.18571 7.50952 8.3 180 0 0
147	-0.395238 -7.50952 8.3 180 0 0
148	-0.395238 -6.71905 8.3 180 0 0
149	-0.395238 -5.92857 8.3 180 0 0
150	-0.395238 -5.1381 8.3 180 0 0
151	-0.395238 -4.34762 8.3 180 0 0
152	-0.395238 -3.55714 8.3 180 0 0
153	-0.395238 -2.76667 8.3 180 0 0
154	-0.395238 -1.97619 8.3 180 0 0
155	-0.395238 -1.18571 8.3 180 0 0
156	-0.395238 -0.395238 8.3 180 0 0
157	-0.395238 0.395238 8.3 180 0 0
158	-0.395238 1.18571 8.3 180 0 0
159	-0.395238 1.97619 8.3 180 0 0
160	-0.395238 2.76667 8.3 180 0 0
161	-0.395238 3.55714 8.3 180 0 0
162	-0.395238 4.34762 8.3 180 0 0
163	-0.395238 5.1381 8.3 180 0 0
164	-0.395238 5.92857 8.3 180 0 0
165	-0.395238 6.71905 8.3 180 0 0
166	-0.395238 7.50952 8.3 180 0 0
167	0.395238 -7.50952 8.3 180 0 0
168	0.395238 -6.71905 8.3 180 0 0
169	0.395238 -5.92857 8.3 180 0 0
170	0.395238 -5.1381 8.3 180 0 0
171	0.395238 -4.34762 8.3 180 0 0
172	0.395238 -3.55714 8.3 180 0 0
173	0.395238 -2.76667 8.3 180 0 0
174	0.395238 -1.97619 8.3 180 0 0
175	0.395238 -1.18571 8.3 180 0 0
176	0.395238 -0.395238 8.3 180 0 0
177	0.395238 0.395238 8.3 180 0 0
178	0.395238 1.18571 8.3 180 0 0
179	0.395238 1.97619 8.3 180 0 0
180	0.395238 2.76667 8.3 180 0 0
181	0.395238 3.55714 8.3 180 0 0
182	0.395238 4.34762 8.3 180 0 0
183	0.395238 5.1381 8.3 180 0 0
184	0.395238 5.92857 8.3 180 0 0
185	0.395238 6.71905 8.3 180 0 0
186	0.395238 7.50952 8.3 180 0 0
187	1.18571 -7.50952 8.3 180 0 0
188	1.18571 -6.71905 8.3 180 0 0
189	1.18571 -5.92857 8.3 180 0 0
190	1.18571 -5.1381 8.3 180 0 0
191	1.18571 -4.34762 8.3 180 0 0
192	1.18571 -3.55714 8.3 180 0 0
193	1.18571 -2.76667 8.3 180 0 0
194	1.18571 -1.97619 8.3 180 0 0
195	1.18571 -1.18571 8.3 180 0 0
196	1.18571 -0.395238 8.3 180 0 0
197	1.18571 0.395238 8.3 180 0 0
198	1.18571 1.18571 8.3 180 0 0
199	1.18571 1.97619 8.3 180 0 0
200	1.18571 2.76667 8.3 180 0 0
201	1.18571 3.55714 8.3 180 0 0
202	1.18571 4.34762 8.3 180 0 0
203	1.18571 5.1381 8.3 180 0 0
204	1.18571 5.92857 8.3 180 0 0
205	1.18571 6.71905 8.3 180 0 0
206	1.18571 7.50952 8.3 180 0 0
207	1.97619 -7.50952 8.3 180 0 0
208	1.97619 -6.71905 8.3 180 0 0
209	1.97619 -5.92857 8.3 180 0 0
210	1.97619 -5.1381 8.3 180 0 0
211	1.97619 -4.34762 8.3 180 0 0
212	1.97619 -3.55714 8.3 180 0 0
213	1.97619 -2.76667 8.3 180 0 0
214	1.97619 -1.97619 8.3 180 0 0
215	1.97619 -1.18571 8.3 180 0 0
216	1.97619 -0.395238 8.3 180 0 0
217	1.97619 0.395238 8.3 180 0 0
218	1.97619 1.18571 8.3 180 0 0
219	1.97619 1.97619 8.3 180 0 0
220	1.97619 2.76667 8.3 180 0 0
221	1.97619 3.55714 8.3 180 0 0
222	1.97619 4.34762 8.3 180 0 0
223	1.97619 5.1381 8.3 180 0 0
224	1.97619 5.92857 8.3 180 0 0
225	1.97619 6.71905 8.3 180 0 0
226	1.97619 7.50952 8.3 180 0 0
227	2.76667 -7.50952 8.3 180 0 0
228	2.76667 -6.71905 8.3 180 0 0
229	2.76667 -5.92857 8.3 180 0 0
230	2.76667 -5.1381 8.3 180 0 0
231	2.76667 -4.34762 8.3 180 0 0
232	2.76667 -3.55714 8.3 180 0 0
233	2.76667 -2.76667 8.3 180 0 0
234	2.76667 -1.97619 8.3 180 0 0
235	2.76667 -1.18571 8.3 180 0 0
236	2.76667 -0.395238 8.3 180 0 0
237	2.76667 0.395238 8.3 180 0 0
238	2.76667 1.18571 8.3 180 0 0
239	2.76667 1.97619 8.3 180 0 0
240	2.76667 2.76667 8.3 180 0 0
241	2.76667 3.55714 8.3 180 0 0
242	2.76667 4.34762 8.3 180 0 0
243	2.76667 5.1381 8.3 180 0 0
244	2.76667 5.92857 8.3 180 0 0
245	2.76667 6.71905 8.3 180 0 0
246	2.76667 7.50952 8.3 180 0 0
247	3.55714 -6.71905 8.3 180 0 0
248	3.55714 -5.92857 8.3 180 0 0
249	3.55714 -5.1381 8.3 180 0 0
250	3.55714 -4.34762 8.3 180 0 0
251	3.55714 -3.55714 8.3 180 0 0
252	3.55714 -2.76667 8.3 180 0 0
253	3.55714 -1.97619 8.3 180 0 0
254	3.55714 -1.18571 8.3 180 0 0
255	3.55714 -0.395238 8.3 180 0 0
256	3.55714 0.395238 8.3 180 0 0
257	3.55714 1.18571 8.3 180 0 0
258	3.55714 1.97619 8.3 180 0 0
259	3.55714 2.76667 8.3 180 0 0
260	3.55714 3.55714 8.3 180 0 0
261	3.55714 4.34762 8.3 180 0 0
262	3.55714 5.1381 8.3 180 0 0
263	3.55714 5.92857 8.3 180 0 0
264	3.55714 6.71905 8.3 180 0 0
265	4.34762 -6.71905 8.3 180 0 0
266	4.34762 -5.92857 8.3 180 0 0
267	4.34762 -5.1381 8.3 180 0 0
268	4.34762 -4.34762 8.3 180 0 0
269	4.34762 -3.55714 8.3 180 0 0
270	4.34762 -2.76667 8.3 180 0 0
271	4.34762 -1.97619 8.3 180 0 0
272	4.34762 -1.18571 8.3 180 0 0
273	4.34762 -0.395238 8.3 180 0 0
274	4.34762 0.395238 8.3 180 0 0
275	4.34762 1.18571 8.3 180 0 0
276	4.34762 1.97619 8.3 180 0 0
277	4.34762 2.76667 8.3 180 0 0
278	4.34762 3.55714 8.3 180 0 0
279	4.34762 4.34762 8.3 180 0 0
280	4.34762 5.1381 8.3 180 0 0
281	4.34762 5.92857 8.3 180 0 0
282	4.34762 6.71905 8.3 180 0 0
283	5.1381 -5.92857 8.3 180 0 0
284	5.1381 -5.1381 8.3 180 0 0
285	5.1381 -4.34762 8.3 180 0 0
286	5.1381 -3.55714 8.3 180 0 0
287	5.1381 -2.76667 8.3 180 0 0
288	5.1381 -1.97619 8.3 180 0 0
289	5.1381 -1.18571 8.3 180 0 0
290	5.1381 -0.395238 8.3 180 0 0
291	5.1381 0.395238 8.3 180 0 0
292	5.1381 1.18571 8.3 180 0 0
293	5.1381 1.97619 8.3 180 0 0
294	5.1381 2.76667 8.3 180 0 0
295	5.1381 3.55714 8.3 180 0 0
296	5.1381 4.34762 8.3 180 0 0
297	5.1381 5.1381 8.3 180 0 0
298	5.1381 5.92857 8.3 180 0 0
299	5.92857 -5.1381 8.3 180 0 0
300	5.92857 -4.34762 8.3 180 0 0
301	5.92857 -3.55714 8.3 180 0 0
302	5.92857 -2.76667 8.3 180 0 0
303	5.92857 -1.97619 8.3 180 0 0
304	5.92857 -1.18571 8.3 180 0 0
305	5.92857 -0.395238 8.3 180 0 0
306	5.92857 0.395238 8.3 180 0 0
307	5.92857 1.18571 8.3 180 0 0
308	5.92857 1.97619 8.3 180 0 0
309	5.92857 2.76667 8.3 180 0 0
310	5.92857 3.55714 8.3 180 0 0
311	5.92857 4.34762 8.3 180 0 0
312	5.92857 5.1381 8.3 180 0 0
313	6.71905 -4.34762 8.3 180 0 0
314	6.71905 -3.55714 8.3 180 0 0
315	6.71905 -2.76667 8.3 180 0 0
316	6.71905 -1.97619 8.3 180 0 0
317	6.71905 -1.18571 8.3 180 0 0
318	6.71905 -0.395238 8.3 180 0 0
319	6.71905 0.395238 8.3 180 0 0
320	6.71905 1.18571 8.3 180 0 0
321	6.71905 1.97619 8.3 180 0 0
322	6.71905 2.76667 8.3 180 0 0
323	6.71905 3.55714 8.3 180 0 0
324	6.71905 4.34762 8.3 180 0 0
325	7.50952 -2.76667 8.3 180 0 0
326	7.50952 -1.97619 8.3 180 0 0
327	7.50952 -1.18571 8.3 180 0 0
328	7.50952 -0.395238 8.3 180 0 0
329	7.50952 0.395238 8.3 180 0 0
330	7.50952 1.18571 8.3 180 0 0
331	7.50952 1.97619 8.3 180 0 0
332	7.50952 2.76667 8.3 180 0 0
333	-7.50952 -2.76667 -8.3 0 0 0
334	-7.50952 -1.97619 -8.3 0 0 0
335	-7.50952 -1.18571 -8.3 0 0 0
336	-7.50952 -0.395238 -8.3 0 0 0
337	-7.50952 0.395238 -8.3 0 0 0
338	-7.50952 1.18571 -8.3 0 0 0
339	-7.50952 1.97619 -8.3 0 0 0
340	-7.50952 2.76667 -8.3 0 0 0
341	-6.71905 -4.34762 -8.3 0 0 0
342	-6.71905 -3.55714 -8.3 0 0 0
343	-6.71905 -2.76667 -8.3 0 0 0
344	-6.71905 -1.97619 -8.3 0 0 0
345	-6.71905 -1.18571 -8.3 0 0 0
346	-6.71905 -0.395238 -8.3 0 0 0
347	-6.71905 0.395238 -8.3 0 0 0
348	-6.71905 1.18571 -8.3 0 0 0
349	-6.71905 1.97619 -8.3 0 0 0
350	-6.71905 2.76667 -8.3 0 0 0
351	-6.71905 3.55714 -8.3 0 0 0
352	-6.71905 4.34762 -8.3 0 0 0
353	-5.92857 -5.1381 -8.3 0 0 0
354	-5.92857 -4.34762 -8.3 0 0 0
355	-5.92857 -3.55714 -8.3 0 0 0
356	-5.92857 -2.76667 -8.3 0 0 0
357	-5.92857 -1.97619 -8.3 0 0 0
358	-5.92857 -1.18571 -8.3 0 0 0
359	-5.92857 -0.395238 -8.3 0 0 0
360	-5.92857 0.395238 -8.3 0 0 0
361	-5.92857 1.18571 -8.3 0 0 0
362	-5.92857 1.97619 -8.3 0 0 0
363	-5.92857 2.76667 -8.3 0 0 0
364	-5.92857 3.55714 -8.3 0 0 0
365	-5.92857 4.34762 -8.3 0 0 0
366	-5.92857 5.1381 -8.3 0 0 0
367	-5.1381 -5.92857 -8.3 0 0 0
368	-5.1381 -5.1381 -8.3 0 0 0
369	-5.1381 -4.34762 -8.3 0 0 0
370	-5.1381 -3.55714 -8.3 0 0 0
371	-5.1381 -2.76667 -8.3 0 0 0
372	-5.1381 -1.97619 -8.3 0 0 0
373	-5.1381 -1.18571 -8.3 0 0 0
374	-5.1381 -0.395238 -8.3 0 0 0
375	-5.1381 0.395238 -8.3 0 0 0
376	-5.1381 1.18571 -8.3 0 0 0
377	-5.1381 1.97619 -8.3 0 0 0
378	-5.1381 2.76667 -8.3 0 0 0
379	-5.1381 3.55714 -8.3 0 0 0
380	-5.1381 4.34762 -8.3 0 0 0
381	-5.1381 5.1381 -8.3 0 0 0
382	-5.1381 5.92857 -8.3 0 0 0
383	-4.34762 -6.71905 -8.3 0 0 0
384	-4.34762 -5.92857 -8.3 0 0 0
385	-4.34762 -5.1381 -8.3 0 0 0
386	-4.34762 -4.34762 -8.3 0 0 0
387	-4.34762 -3.55714 -8.3 0 0 0
388	-4.34762 -2.76667 -8.3 0 0 0
389	-4.34762 -1.97619 -8.3 0 0 0
390	-4.34762 -1.18571 -8.3 0 0 0
391	-4.34762 -0.395238 -8.3 0 0 0
392	-4.34762 0.395238 -8.3 0 0 0
393	-4.34762 1.18571 -8.3 0 0 0
394	-4.34762 1.97619 -8.3 0 0 0
395	-4.34762 2.76667 -8.3 0 0 0
396	-4.34762 3.55714 -8.3 0 0 0
397	-4.34762 4.34762 -8.3 0 0 0
398	-4.34762 5.1381 -8.3 0 0 0
399	-4.34762 5.92857 -8.3 0 0 0
400	-4.34762 6.71905 -8.3 0 0 0
401	-3.55714 -6.71905 -8.3 0 0 0
402	-3.55714 -5.92857 -8.3 0 0 0
403	-3.55714 -5.1381 -8.3 0 0 0
404	-3.55714 -4.34762 -8.3 0 0 0
405	-3.55714 -3.55714 -8.3 0 0 0
406	-3.55714 -2.76667 -8.3 0 0 0
407	-3.55714 -1.97619 -8.3 0 0 0
408	-3.55714 -1.18571 -8.3 0 0 0
409	-3.55714 -0.395238 -8.3 0 0 0
410	-3.55714 0.395238 -8.3 0 0 0
411	-3.55714 1.18571 -8.3 0 0 0
412	-3.55714 1.97619 -8.3 0 0 0
413	-3.55714 2.76667 -8.3 0 0 0
414	-3.55714 3.55714 -8.3 0 0 0
415	-3.55714 4.34762 -8.3 0 0 0
416	-3.55714 5.1381 -8.3 0 0 0
417	-3.55714 5.92857 -8.3 0 0 0
418	-3.55714 6.71905 -8.3 0 0 0
419	-2.76667 -7.50952 -8.3 0 0 0
420	-2.76667 -6.71905 -8.3 0 0 0
421	-2.76667 -5.92857 -8.3 0 0 0
422	-2.76667 -5.1381 -8.3 0 0 0
423	-2.76667 -4.34762 -8.3 0 0 0
424	-2.76667 -3.55714 -8.3 0 0 0
425	-2.76667 -2.76667 -8.3 0 0 0
426	-2.76667 -1.97619 -8.3 0 0 0
427	-2.76667 -1.18571 -8.3 0 0 0
428	-2.76667 -0.395238 -8.3 0 0 0
429	-2.76667 0.395238 -8.3 0 0 0
430	-2.76667 1.18571 -8.3 0 0 0
431	-2.76667 1.97619 -8.3 0 0 0
432	-2.76667 2.76667 -8.3 0 0 0
433	-2.76667 3.55714 -8.3 0 0 0
434	-2.76667 4.34762 -8.3 0 0 0
435	-2.76667 5.1381 -8.3 0 0 0
436	-2.76667 5.92857 -8.3 0 0 0
437	-2.76667 6.71905 -8.3 0 0 0
438	-2.76667 7.50952 -8.3 0 0 0
439	-1.97619 -7.50952 -8.3 0 0 0
440	-1.97619 -6.71905 -8.3 0 0 0
441	-1.97619 -5.92857 -8.3 0 0 0
442	-1.97619 -5.1381 -8.3 0 0 0
443	-1.97619 -4.34762 -8.3 0 0 0
444	-1.97619 -3.55714 -8.3 0 0 0
445	-1.97619 -2.76667 -8.3 0 0 0
446	-1.97619 -1.97619 -8.3 0 0 0
447	-1.97619 -1.18571 -8.3 0 0 0
448	-1.97619 -0.395238 -8.3 0 0 0
449	-1.97619 0.395238 -8.3 0 0 0
450	-1.97619 1.18571 -8.3 0 0 0
451	-1.97619 1.97619 -8.3 0 0 0
452	-1.97619 2.76667 -8.3 0 0 0
453	-1.97619 3.55714 -8.3 0 0 0
454	-1.97619 4.34762 -8.3 0 0 0
455	-1.97619 5.1381 -8.3 0 0 0
456	-1.97619 5.92857 -8.3 0 0 0
457	-1.97619 6.71905 -8.3 0 0 0
458	-1.97619 7.50952 -8.3 0 0 0
459	-1.18571 -7.50952 -8.3 0 0 0
460	-1.18571 -6.71905 -8.3 0 0 0
461	-1.18571 -5.92857 -8.3 0 0 0
462	-1.18571 -5.1381 -8.3 0 0 0
463	-1.18571 -4.34762 -8.3 0 0 0
464	-1.18571 -3.55714 -8.3 0 0 0
465	-1.18571 -2.76667 -8.3 0 0 0
466	-1.18571 -1.97619 -8.3 0 0 0
467	-1.18571 -1.18571 -8.3 0 0 0
468	-1.18571 -0.395238 -8.3 0 0 0
469	-1.18571 0.395238 -8.3 0 0 0
470	-1.18571 1.18571 -8.3 0 0 0
471	-1.18571 1.97619 -8.3 0 0 0
472	-1.18571 2.76667 -8.3 0 0 0
473	-1.18571 3.55714 -8.3 0 0 0
474	-1.18571 4.34762 -8.3 0 0 0
475	-1.18571 5.1381 -8.3 0 0 0
476	-1.18571 5.92857 -8.3 0 0 0
477	-1.18571 6.71905 -8.3 0 0 0
478	-1.18571 7.50952 -8.3 0 0 0
479	-0.395238 -7.50952 -8.3 0 0 0
480	-0.395238 -6.71905 -8.3 0 0 0
481	-0.395238 -5.92857 -8.3 0 0 0
482	-0.395238 -5.1381 -8.3 0 0 0
483	-0.395238 -4.34762 -8.3 0 0 0
484	-0.395238 -3.55714 -8.3 0 0 0
485	-0.395238 -2.76667 -8.3 0 0 0
486	-0.395238 -1.97619 -8.3 0 0 0
487	-0.395238 -1.18571 -8.3 0 0 0
488	-0.395238 -0.395238 -8.3 0 0 0
489	-0.395238 0.395238 -8.3 0 0 0
490	-0.395238 1.18571 -8.3 0 0 0
491	-0.395238 1.97619 -8.3 0 0 0
492	-0.395238 2.76667 -8.3 0 0 0
493	-0.395238 3.55714 -8.3 0 0 0
494	-0.395238 4.34762 -8.3 0 0 0
495	-0.395238 5.1381 -8.3 0 0 0
496	-0.395238 5.92857 -8.3 0 0 0
497	-0.395238 6.71905 -8.3 0 0 0
498	-0.395238 7.50952 -8.3 0 0 0
499	0.395238 -7.50952 -8.3 0 0 0
500	0.395238 -6.71905 -8.3 0 0 0
501	0.395238 -5.92857 -8.3 0 0 0
502	0.395238 -5.1381 -8.3 0 0 0
503	0.395238 -4.34762 -8.3 0 0 0
504	0.395238 -3.55714 -8.3 0 0 0
505	0.395238 -2.76667 -8.3 0 0 0
506	0.395238 -1.97619 -8.3 0 0 0
507	0.395238 -1.18571 -8.3 0 0 0
508	0.395238 -0.395238 -8.3 0 0 0
509	0.395238 0.395238 -8.3 0 0 0
510	0.395238 1.18571 -8.3 0 0 0
511	0.395238 1.97619 -8.3 0 0 0
512	0.395238 2.76667 -8.3 0 0 0
513	0.395238 3.55714 -8.3 0 0 0
514	0.395238 4.34762 -8.3 0 0 0
515	0.395238 5.1381 -8.3 0 0 0
516	0.395238 5.92857 -8.3 0 0 0
517	0.395238 6.71905 -8.3 0 0 0
518	0.395238 7.50952 -8.3 0 0 0
519	1.18571 -7.50952 -8.3 0 0 0
520	1.18571 -6.71905 -8.3 0 0 0
521	1.18571 -5.92857 -8.3 0 0 0
522	1.18571 -5.1381 -8.3 0 0 0
523	1.18571 -4.34762 -8.3 0 0 0
524	1.18571 -3.55714 -8.3 0 0 0
525	1.18571 -2.76667 -8.3 0 0 0
526	1.18571 -1.97619 -8.3 0 0 0
527	1.18571 -1.18571 -8.3 0 0 0
528	1.18571 -0.395238 -8.3 0 0 0
529	1.18571 0.395238 -8.3 0 0 0
530	1.18571 1.18571 -8.3 0 0 0
531	1.18571 1.97619 -8.3 0 0 0
532	1.18571 2.76667 -8.3 0 0 0
533	1.18571 3.55714 -8.3 0 0 0
534	1.18571 4.34762 -8.3 0 0 0
535	1.18571 5.1381 -8.3 0 0 0
536	1.18571 5.92857 -8.3 0 0 0
537	1.18571 6.71905 -8.3 0 0 0
538	1.18571 7.50952 -8.3 0 0 0
539	1.97619 -7.50952 -8.3 0 0 0
540	1.97619 -6.71905 -8.3 0 0 0
541	1.97619 -5.92857 -8.3 0 0 0
542	1.97619 -5.1381 -8.3 0 0 0
543	1.97619 -4.34762 -8.3 0 0 0
544	1.97619 -3.55714 -8.3 0 0 0
545	1.97619 -2.76667 -8.3 0 0 0
546	1.97619 -1.97619 -8.3 0 0 0
547	1.97619 -1.18571 -8.3 0 0 0
548	1.97619 -0.395238 -8.3 0 0 0
549	1.97619 0.395238 -8.3 0 0 0
550	1.97619 1.18571 -8.3 0 0 0
551	1.97619 1.97619 -8.3 0 0 0
552	1.97619 2.76667 -8.3 0 0 0
553	1.97619 3.55714 -8.3 0 0 0
554	1.97619 4.34762 -8.3 0 0 0
555	1.97619 5.1381 -8.3 0 0 0
556	1.97619 5.92857 -8.3 0 0 0
557	1.97619 6.71905 -8.3 0 0 0
558	1.97619 7.50952 -8.3 0 0 0
559	2.76667 -7.50952 -8.3 0 0 0
560	2.76667 -6.71905 -8.3 0 0 0
561	2.76667 -5.92857 -8.3 0 0 0
562	2.76667 -5.1381 -8.3 0 0 0
563	2.76667 -4.34762 -8.3 0 0 0
564	2.76667 -3.55714 -8.3 0 0 0
565	2.76667 -2.76667 -8.3 0 0 0
566	2.76667 -1.97619 -8.3 0 0 0
567	2.76667 -1.18571 -8.3 0 0 0
568	2.76667 -0.395238 -8.3 0 0 0
569	2.76667 0.395238 -8.3 0 0 0
570	2.76667 1.18571 -8.3 0 0 0
571	2.76667 1.97619 -8.3 0 0 0
572	2.76667 2.76667 -8.3 0 0 0
573	2.76667 3.55714 -8.3 0 0 0
574	2.76667 4.34762 -8.3 0 0 0
575	2.76667 5.1381 -8.3 0 0 0
576	2.76667 5.92857 -8.3 0 0 0
577	2.76667 6.71905 -8.3 0 0 0
578	2.76667 7.50952 -8.3 0 0 0
579	3.55714 -6.71905 -8.3 0 0 0
580	3.55714 -5.92857 -8.3 0 0 0
581	3.55714 -5.1381 -8.3 0 0 0
582	3.55714 -4.34762 -8.3 0 0 0
583	3.55714 -3.55714 -8.3 0 0 0
584	3.55714 -2.76667 -8.3 0 0 0
585	3.55714 -1.97619 -8.3 0 0 0
586	3.55714 -1.18571 -8.3 0 0 0
587	3.55714 -0.395238 -8.3 0 0 0
588	3.55714 0.395238 -8.3 0 0 0
589	3.55714 1.18571 -8.3 0 0 0
590	3.55714 1.97619 -8.3 0 0 0
591	3.55714 2.76667 -8.3 0 0 0
592	3.55714 3.55714 -8.3 0 0 0
593	3.55714 4.34762 -8.3 0 0 0
594	3.55714 5.1381 -8.3 0 0 0
595	3.55714 5.92857 -8.3 0 0 0
596	3.55714 6.71905 -8.3 0 0 0
597	4.34762 -6.71905 -8.3 0 0 0
598	4.34762 -5.92857 -8.3 0 0 0
599	4.34762 -5.1381 -8.3 0 0 0
600	4.34762 -4.34762 -8.3 0 0 0
601	4.34762 -3.55714 -8.3 0 0 0
602	4.34762 -2.76667 -8.3 0 0 0
603	4.34762 -1.97619 -8.3 0 0 0
604	4.34762 -1.18571 -8.3 0 0 0
605	4.34762 -0.395238 -8.3 0 0 0
606	4.34762 0.395238 -8.3 0 0 0
607	4.34762 1.18571 -8.3 0 0 0
608	4.34762 1.97619 -8.3 0 0 0
609	4.34762 2.76667 -8.3 0 0 0
610	4.34762 3.55714 -8.3 0 0 0
611	4.34762 4.34762 -8.3 0 0 0
612	4.34762 5.1381 -8.3 0 0 0
613	4.34762 5.92857 -8.3 0 0 0
614	4.34762 6.71905 -8.3 0 0 0
615	5.1381 -5.92857 -8.3 0 0 0
616	5.1381 -5.1381 -8.3 0 0 0
617	5.1381 -4.34762 -8.3 0 0 0
618	5.1381 -3.55714 -8.3 0 0 0
619	5.1381 -2.76667 -8.3 0 0 0
620	5.1381 -1.97619 -8.3 0 0 0
621	5.1381 -1.18571 -8.3 0 0 0
622	5.1381 -0.395238 -8.3 0 0 0
623	5.1381 0.395238 -8.3 0 0 0
624	5.1381 1.18571 -8.3 0 0 0
625	5.1381 1.97619 -8.3 0 0 0
626	5.1381 2.76667 -8.3 0 0 0
627	5.1381 3.55714 -8.3 0 0 0
628	5.1381 4.34762 -8.3 0 0 0
629	5.1381 5.1381 -8.3 0 0 0
630	5.1381 5.92857 -8.3 0 0 0
631	5.92857 -5.1381 -8.3 0 0 0
632	5.92857 -4.34762 -8.3 0 0 0
633	5.92857 -3.55714 -8.3 0 0 0
634	5.92857 -2.76667 -8.3 0 0 0
635	5.92857 -1.97619 -8.3 0 0 0
636	5.92857 -1.18571 -8.3 0 0 0
637	5.92857 -0.395238 -8.3 0 0 0
638	5.92857 0.395238 -8.3 0 0 0
639	5.92857 1.18571 -8.3 0 0 0
640	5.92857 1.97619 -8.3 0 0 0
641	5.92857 2.76667 -8.3 0 0 0
642	5.92857 3.55714 -8.3 0 0 0
643	5.92857 4.34762 -8.3 0 0 0
644	5.92857 5.1381 -8.3 0 0 0
645	6.71905 -4.34762 -8.3 0 0 0
646	6.71905 -3.55714 -8.3 0 0 0
647	6.71905 -2.76667 -8.3 0 0 0
648	6.71905 -1.97619 -8.3 0 0 0
649	6.71905 -1.18571 -8.3 0 0 0
650	6.71905 -0.395238 -8.3 0 0 0
651	6.71905 0.395238 -8.3 0 0 0
652	6.71905 1.18571 -8.3 0 0 0
653	6.71905 1.97619 -8.3 0 0 0
654	6.71905 2.76667 -8.3 0 0 0
655	6.71905 3.55714 -8.3 0 0 0
656	6.71905 4.34762 -8.3 0 0 0
657	7.50952 -2.76667 -8.3 0 0 0
658	7.50952 -1.97619 -8.3 0 0 0
659	7.50952 -1.18571 -8.3 0 0 0
660	7.50952 -0.395238 -8.3 0 0 0
661	7.50952 0.395238 -8.3 0 0 0
662	7.50952 1.18571 -8.3 0 0 0
663	7.50952 1.97619 -8.3 0 0 0
664	7.50952 2.76667 -8.3 0 0 0
665 -8.3 -2.97953e-08 -7.65 90 -90 0
666 -8.26242 -0.788965 -7.65 90 -84.5455 0
667 -8.15001 -1.57079 -7.65 90 -79.0909 0
668 -7.96379 -2.33838 -7.65 90 -73.6364 0
669 -7.70545 -3.0848 -7.65 90 -68.1818 0
670 -7.37733 -3.80328 -7.65 90 -62.7273 0
671 -6.9824 -4.48732 -7.65 90 -57.2727 0
672 -6.52424 -5.13072 -7.65 90 -51.8182 0
673 -6.00699 -5.72766 -7.65 90 -46.3636 0
674 -5.43534 -6.27272 -7.65 90 -40.9091 0
675 -4.81447 -6.76098 -7.65 90 -35.4545 0
676 -4.15 -7.18801 -7.65 90 -30 0
677 -3.44794 -7.54995 -7.65 90 -24.5455 0
678 -2.71466 -7.84351 -7.65 90 -19.0909 0
679 -1.9568 -8.06604 -7.65 90 -13.6364 0
680 -1.18121 -8.21552 -7.65 90 -8.18182 0
681 -0.39493 -8.2906 -7.65 90 -2.72727 0
682 0.39493 -8.2906 -7.65 90 2.72727 0
683 1.18121 -8.21552 -7.65 90 8.18182 0
684 1.9568 -8.06604 -7.65 90 13.6364 0
685 2.71466 -7.84351 -7.65 90 19.0909 0
686 3.44794 -7.54995 -7.65 90 24.5455 0
687 4.15 -7.18801 -7.65 90 30 0
688 4.81447 -6.76098 -7.65 90 35.4545 0
689 5.43534 -6.27272 -7.65 90 40.9091 0
690 6.00699 -5.72766 -7.65 90 46.3636 0
691 6.52424 -5.13072 -7.65 90 51.8182 0
692 6.9824 -4.48732 -7.65 90 57.2727 0
693 7.37733 -3.80328 -7.65 90 62.7273 0
694 7.70545 -3.0848 -7.65 90 68.1818 0
695 7.96379 -2.33838 -7.65 90 73.6364 0
696 8.15001 -1.57079 -7.65 90 79.0909 0
697 8.26242 -0.788965 -7.65 90 84.5455 0
698 8.3 0 -7.65 90 90 0
699 8.26242 0.788965 -7.65 90 95.4545 0
700 8.15001 1.57079 -7.65 90 100.909 0
701 7.96379 2.33838 -7.65 90 106.364 0
702 7.70545 3.0848 -7.65 90 111.818 0
703 7.37733 3.80328 -7.65 90 117.273 0
704 6.9824 4.48732 -7.65 90 122.727 0
705 6.52424 5.13072 -7.65 90 128.182 0
706 6.00699 5.72766 -7.65 90 133.636 0
707 5.43534 6.27272 -7.65 90 139.091 0
708 4.81447 6.76098 -7.65 90 144.545 0
709 4.15 7.18801 -7.65 90 150 0
710 3.44794 7.54995 -7.65 90 155.455 0
711 2.71466 7.84351 -7.65 90 160.909 0
712 1.9568 8.06604 -7.65 90 166.364 0
713 1.18121 8.21552 -7.65 90 171.818 0
714 0.39493 8.2906 -7.65 90 177.273 0
715 -0.39493 8.2906 -7.65 90 182.727 0
716 -1.18121 8.21552 -7.65 90 188.182 0
717 -1.9568 8.06604 -7.65 90 193.636 0
718 -2.71466 7.84351 -7.65 90 199.091 0
719 -3.44794 7.54995 -7.65 90 204.545 0
720 -4.15 7.18801 -7.65 90 210 0
721 -4.81447 6.76098 -7.65 90 215.455 0
722 -5.43534 6.27272 -7.65 90 220.909 0
723 -6.00699 5.72766 -7.65 90 226.364 0
724 -6.52424 5.13072 -7.65 90 231.818 0
725 -6.9824 4.48732 -7.65 90 237.273 0
726 -7.37733 3.80328 -7.65 90 242.727 0
727 -7.70545 3.0848 -7.65 90 248.182 0
728 -7.96379 2.33838 -7.65 90 253.636 0
729 -8.15001 1.57079 -7.65 90 259.091 0
730 -8.26242 0.788965 -7.65 90 264.545 0
731 -8.3 -2.97953e-08 -6.84474 90 -90 0
732 -8.26242 -0.788965 -6.84474 90 -84.5455 0
733 -8.15001 -1.57079 -6.84474 90 -79.0909 0
734 -7.96379 -2.33838 -6.84474 90 -73.6364 0
735 -7.70545 -3.0848 -6.84474 90 -68.1818 0
736 -7.37733 -3.80328 -6.84474 90 -62.7273 0
737 -6.9824 -4.48732 -6.84474 90 -57.2727 0
738 -6.52424 -5.13072 -6.84474 90 -51.8182 0
739 -6.00699 -5.72766 -6.84474 90 -46.3636 0
740 -5.43534 -6.27272 -6.84474 90 -40.9091 0
741 -4.81447 -6.76098 -6.84474 90 -35.4545 0
742 -4.15 -7.18801 -6.84474 90 -30 0
743 -3.44794 -7.54995 -6.84474 90 -24.5455 0
744 -2.71466 -7.84351 -6.84474 90 -19.0909 0
745 -1.9568 -8.06604 -6.84474 90 -13.6364 0
746 -1.18121 -8.21552 -6.84474 90 -8.18182 0
747 -0.39493 -8.2906 -6.84474 90 -2.72727 0
748 0.39493 -8.2906 -6.84474 90 2.72727 0
749 1.18121 -8.21552 -6.84474 90 8.18182 0
750 1.9568 -8.06604 -6.84474 90 13.6364 0
751 2.71466 -7.84351 -6.84474 90 19.0909 0
752 3.44794 -7.54995 -6.84474 90 24.5455 0
753 4.15 -7.18801 -6.84474 90 30 0
754 4.81447 -6.76098 -6.84474 90 35.4545 0
755 5.43534 -6.27272 -6.84474 90 40.9091 0
756 6.00699 -5.72766 -6.84474 90 46.3636 0
757 6.52424 -5.13072 -6.84474 90 51.8182 0
758 6.9824 -4.48732 -6.84474 90 57.2727 0
759 7.37733 -3.80328 -6.84474 90 62.7273 0
760 7.70545 -3.0848 -6.84474 90 68.1818 0
761 7.96379 -2.33838 -6.84474 90 73.6364 0
762 8.15001 -1.57079 -6.84474 90 79.0909 0
763 8.26242 -0.788965 -6.84474 90 84.5455 0
764 8.3 0 -6.84474 90 90 0
765 8.26242 0.788965 -6.84474 90 95.4545 0
766 8.15001 1.57079 -6.84474 90 100.909 0
767 7.96379 2.33838 -6.84474 90 106.364 0
768 7.70545 3.0848 -6.84474 90 111.818 0
769 7.37733 3.80328 -6.84474 90 117.273 0
770 6.9824 4.48732 -6.84474 90 122.727 0
771 6.52424 5.13072 -6.84474 90 128.182 0
772 6.00699 5.72766 -6.84474 90 133.636 0
773 5.43534 6.27272 -6.84474 90 139.091 0
774 4.81447 6.76098 -6.84474 90 144.545 0
775 4.15 7.18801 -6.84474 90 150 0
776 3.44794 7.54995 -6.84474 90 155.455 0
777 2.71466 7.84351 -6.84474 90 160.909 0
778 1.9568 8.06604 -6.84474 90 166.364 0
779 1.18121 8.21552 -6.84474 90 171.818 0
780 0.39493 8.2906 -6.84474 90 177.273 0
781 -0.39493 8.2906 -6.84474 90 182.727 0
782 -1.18121 8.21552 -6.84474 90 188.182 0
783 -1.9568 8.06604 -6.84474 90 193.636 0
784 -2.71466 7.84351 -6.84474 90 199.091 0
785 -3.44794 7.54995 -6.84474 90 204.545 0
786 -4.15 7.18801 -6.84474 90 210 0
787 -4.81447 6.76098 -6.84474 90 215.455 0
788 -5.43534 6.27272 -6.84474 90 220.909 0
789 -6.00699 5.72766 -6.84474 90 226.364 0
790 -6.52424 5.13072 -6.84474 90 231.818 0
791 -6.9824 4.48732 -6.84474 90 237.273 0
792 -7.37733 3.80328 -6.84474 90 242.727 0
793 -7.70545 3.0848 -6.84474 90 248.182 0
794 -7.96379 2.33838 -6.84474 90 253.636 0
795 -8.15001 1.57079 -6.84474 90 259.091 0
796 -8.26242 0.788965 -6.84474 90 264.545 0
797 -8.3 -2.97953e-08 -6.03947 90 -90 0
798 -8.26242 -0.788965 -6.03947 90 -84.5455 0
799 -8.15001 -1.57079 -6.03947 90 -79.0909 0
800 -7.96379 -2.33838 -6.03947 90 -73.6364 0
801 -7.70545 -3.0848 -6.03947 90 -68.1818 0
802 -7.37733 -3.80328 -6.03947 90 -62.7273 0
803 -6.9824 -4.48732 -6.03947 90 -57.2727 0
804 -6.52424 -5.13072 -6.03947 90 -51.8182 0
805 -6.00699 -5.72766 -6.03947 90 -46.3636 0
806 -5.43534 -6.27272 -6.03947 90 -40.9091 0
807 -4.81447 -6.76098 -6.03947 90 -35.4545 0
808 -4.15 -7.18801 -6.03947 90 -30 0
809 -3.44794 -7.54995 -6.03947 90 -24.5455 0
810 -2.71466 -7.84351 -6.03947 90 -19.0909 0
811 -1.9568 -8.06604 -6.03947 90 -13.6364 0
812 -1.18121 -8.21552 -6.03947 90 -8.18182 0
813 -0.39493 -8.2906 -6.03947 90 -2.72727 0
814 0.39493 -8.2906 -6.03947 90 2.72727 0
815 1.18121 -8.21552 -6.03947 90 8.18182 0
816 1.9568 -8.06604 -6.03947 90 13.6364 0
817 2.71466 -7.84351 -6.03947 90 19.0909 0
818 3.44794 -7.54995 -6.03947 90 24.5455 0
819 4.15 -7.18801 -6.03947 90 30 0
820 4.81447 -6.76098 -6.03947 90 35.4545 0
821 5.43534 -6.27272 -6.03947 90 40.9091 0
822 6.00699 -5.72766 -6.03947 90 46.3636 0
823 6.52424 -5.13072 -6.03947 90 51.8182 0
824 6.9824 -4.48732 -6.03947 90 57.2727 0
825 7.37733 -3.80328 -6.03947 90 62.7273 0
826 7.70545 -3.0848 -6.03947 90 68.1818 0
827 7.96379 -2.33838 -6.03947 90 73.6364 0
828 8.15001 -1.57079 -6.03947 90 79.0909 0
829 8.26242 -0.788965 -6.03947 90 84.5455 0
830 8.3 0 -6.03947 90 90 0
831 8.26242 0.788965 -6.03947 90 95.4545 0
832 8.15001 1.57079 -6.03947 90 100.909 0
833 7.96379 2.33838 -6.03947 90 106.364 0
834 7.70545 3.0848 -6.03947 90 111.818 0
835 7.37733 3.80328 -6.03947 90 117.273 0
836 6.9824 4.48732 -6.03947 90 122.727 0
837 6.52424 5.13072 -6.03947 90 128.182 0
838 6.00699 5.72766 -6.03947 90 133.636 0
839 5.43534 6.27272 -6.03947 90 139.091 0
840 4.81447 6.76098 -6.03947 90 144.545 0
841 4.15 7.18801 -6.03947 90 150 0
842 3.44794 7.54995 -6.03947 90 155.455 0
843 2.71466 7.84351 -6.03947 90 160.909 0
844 1.9568 8.06604 -6.03947 90 166.364 0
845 1.18121 8.21552 -6.03947 90 171.818 0
846 0.39493 8.2906 -6.03947 90 177.273 0
847 -0.39493 8.2906 -6.03947 90 182.727 0
848 -1.18121 8.21552 -6.03947 90 188.182 0
849 -1.9568 8.06604 -6.03947 90 193.636 0
850 -2.71466 7.84351 -6.03947 90 199.091 0
851 -3.44794 7.54995 -6.03947 90 204.545 0
852 -4.15 7.18801 -6.03947 90 210 0
853 -4.81447 6.76098 -6.03947 90 215.455 0
854 -5.43534 6.27272 -6.03947 90 220.909 0
855 -6.00699 5.72766 -6.03947 90 226.364 0
856 -6.52424 5.13072 -6.03947 90 231.818 0
857 -6.9824 4.48732 -6.03947 90 237.273 0
858 -7.37733 3.80328 -6.03947 90 242.727 0
859 -7.70545 3.0848 -6.03947 90 248.182 0
860 -7.96379 2.33838 -6.03947 90 253.636 0
861 -8.15001 1.57079 -6.03947 90 259.091 0
862 -8.26242 0.788965 -6.03947 90 264.545 0
863 -8.3 -2.97953e-08 -5.23421 90 -90 0
864 -8.26242 -0.788965 -5.23421 90 -84.5455 0
865 -8.15001 -1.57079 -5.23421 90 -79.0909 0
866 -7.96379 -2.33838 -5.23421 90 -73.6364 0
867 -7.70545 -3.0848 -5.23421 90 -68.1818 0
868 -7.37733 -3.80328 -5.23421 90 -62.7273 0
869 -6.9824 -4.48732 -5.23421 90 -57.2727 0
870 -6.52424 -5.13072 -5.23421 90 -51.8182 0
871 -6.00699 -5.72766 -5.23421 90 -46.3636 0
872 -5.43534 -6.27272 -5.23421 90 -40.9091 0
873 -4.81447 -6.76098 -5.23421 90 -35.4545 0
874 -4.15 -7.18801 -5.23421 90 -30 0
875 -3.44794 -7.54995 -5.23421 90 -24.5455 0
876 -2.71466 -7.84351 -5.23421 90 -19.0909 0
877 -1.9568 -8.06604 -5.23421 90 -13.6364 0
878 -1.18121 -8.21552 -5.23421 90 -8.18182 0
879 -0.39493 -8.2906 -5.23421 90 -2.72727 0
880 0.39493 -8.2906 -5.23421 90 2.72727 0
881 1.18121 -8.21552 -5.23421 90 8.18182 0
882 1.9568 -8.06604 -5.23421 90 13.6364 0
883 2.71466 -7.84351 -5.23421 90 19.0909 0
884 3.44794 -7.54995 -5.23421 90 24.5455 0
885 4.15 -7.18801 -5.23421 90 30 0
886 4.81447 -6.76098 -5.23421 90 35.4545 0
887 5.43534 -6.27272 -5.23421 90 40.9091 0
888 6.00699 -5.72766 -5.23421 90 46.3636 0
889 6.52424 -5.13072 -5.23421 90 51.8182 0
890 6.9824 -4.48732 -5.23421 90 57.2727 0
891 7.37733 -3.80328 -5.23421 90 62.7273 0
892 7.70545 -3.0848 -5.23421 90 68.1818 0
893 7.96379 -2.33838 -5.23421 90 73.6364 0
894 8.15001 -1.57079 -5.23421 90 79.0909 0
895 8.26242 -0.788965 -5.23421 90 84.5455 0
896 8.3 0 -5.23421 90 90 0
897 8.26242 0.788965 -5.23421 90 95.4545 0
898 8.15001 1.57079 -5.23421 90 100.909 0
899 7.96379 2.33838 -5.23421 90 106.364 0
900 7.70545 3.0848 -5.23421 90 111.818 0
901 7.37733 3.80328 -5.23421 90 117.273 0
902 6.9824 4.48732 -5.23421 90 122.727 0
903 6.52424 5.13072 -5.23421 90 128.182 0
904 6.00699 5.72766 -5.23421 90 133.636 0
905 5.43534 6.27272 -5.23421 90 139.091 0
906 4.81447 6.76098 -5.23421 90 144.545 0
907 4.15 7.18801 -5.23421 90 150 0
908 3.44794 7.54995 -5.23421 90 155.455 0
909 2.71466 7.84351 -5.23421 90 160.909 0
910 1.9568 8.06604 -5.23421 90 166.364 0
911 1.18121 8.21552 -5.23421 90 171.818 0
912 0.39493 8.2906 -5.23421 90 177.273 0
913 -0.39493 8.2906 -5.23421 90 182.727 0
914 -1.18121 8.21552 -5.23421 90 188.182 0
915 -1.9568 8.06604 -5.23421 90 193.636 0
916 -2.71466 7.84351 -5.23421 90 199.091 0
917 -3.44794 7.54995 -5.23421 90 204.545 0
918 -4.15 7.18801 -5.23421 90 210 0
919 -4.81447 6.76098 -5.23421 90 215.455 0
920 -5.43534 6.27272 -5.23421 90 220.909 0
921 -6.00699 5.72766 -5.23421 90 226.364 0
922 -6.52424 5.13072 -5.23421 90 231.818 0
923 -6.9824 4.48732 -5.23421 90 237.273 0
924 -7.37733 3.80328 -5.23421 90 242.727 0
925 -7.70545 3.0848 -5.23421 90 248.182 0
926 -7.96379 2.33838 -5.23421 90 253.636 0
927 -8.15001 1.57079 -5.23421 90 259.091 0
928 -8.26242 0.788965 -5.23421 90 264.545 0
929 -8.3 -2.97953e-08 -4.42895 90 -90 0
930 -8.26242 -0.788965 -4.42895 90 -84.5455 0
931 -8.15001 -1.57079 -4.42895 90 -79.0909 0
932 -7.96379 -2.33838 -4.42895 90 -73.6364 0
933 -7.70545 -3.0848 -4.42895 90 -68.1818 0
934 -7.37733 -3.80328 -4.42895 90 -62.7273 0
935 -6.9824 -4.48732 -4.42895 90 -57.2727 0
936 -6.52424 -5.13072 -4.42895 90 -51.8182 0
937 -6.00699 -5.72766 -4.42895 90 -46.3636 0
938 -5.43534 -6.27272 -4.42895 90 -40.9091 0
939 -4.81447 -6.76098 -4.42895 90 -35.4545 0
940 -4.15 -7.18801 -4.42895 90 -30 0
941 -3.44794 -7.54995 -4.42895 90 -24.5455 0
942 -2.71466 -7.84351 -4.42895 90 -19.0909 0
943 -1.9568 -8.06604 -4.42895 90 -13.6364 0
944 -1.18121 -8.21552 -4.42895 90 -8.18182 0
945 -0.39493 -8.2906 -4.42895 90 -2.72727 0
946 0.39493 -8.2906 -4.42895 90 2.72727 0
947 1.18121 -8.21552 -4.42895 90 8.18182 0
948 1.9568 -8.06604 -4.42895 90 13.6364 0
949 2.71466 -7.84351 -4.42895 90 19.0909 0
950 3.44794 -7.54995 -4.42895 90 24.5455 0
951 4.15 -7.18801 -4.42895 90 30 0
952 4.81447 -6.76098 -4.42895 90 35.4545 0
953 5.43534 -6.27272 -4.42895 90 40.9091 0
954 6.00699 -5.72766 -4.42895 90 46.3636 0
955 6.52424 -5.13072 -4.42895 90 51.8182 0
956 6.9824 -4.48732 -4.42895 90 57.2727 0
957 7.37733 -3.80328 -4.42895 90 62.7273 0
958 7.70545 -3.0848 -4.42895 90 68.1818 0
959 7.96379 -2.33838 -4.42895 90 73.6364 0
960 8.15001 -1.57079 -4.42895 90 79.0909 0
961 8.26242 -0.788965 -4.42895 90 84.5455 0
962 8.3 0 -4.42895 90 90 0
963 8.26242 0.788965 -4.42895 90 95.4545 0
964 8.15001 1.57079 -4.42895 90 100.909 0
965 7.96379 2.33838 -4.42895 90 106.364 0
966 7.70545 3.0848 -4.42895 90 111.818 0
967 7.37733 3.80328 -4.42895 90 117.273 0
968 6.9824 4.48732 -4.42895 90 122.727 0
969 6.52424 5.13072 -4.42895 90 128.182 0
970 6.00699 5.72766 -4.42895 90 133.636 0
971 5.43534 6.27272 -4.42895 90 139.091 0
972 4.81447 6.76098 -4.42895 90 144.545 0
973 4.15 7.18801 -4.42895 90 150 0
974 3.44794 7.54995 -4.42895 90 155.455 0
975 2.71466 7.84351 -4.42895 90 160.909 0
976 1.9568 8.06604 -4.42895 90 166.364 0
977 1.18121 8.21552 -4.42895 90 171.818 0
978 0.39493 8.2906 -4.42895 90 177.273 0
979 -0.39493 8.2906 -4.42895 90 182.727 0
980 -1.18121 8.21552 -4.42895 90 188.182 0
981 -1.9568 8.06604 -4.42895 90 193.636 0
982 -2.71466 7.84351 -4.42895 90 199.091 0
983 -3.44794 7.54995 -4.42895 90 204.545 0
984 -4.15 7.18801 -4.42895 90 210 0
985 -4.81447 6.76098 -4.42895 90 215.455 0
986 -5.43534 6.27272 -4.42895 90 220.909 0
987 -6.00699 5.72766 -4.42895 90 226.364 0
988 -6.52424 5.13072 -4.42895 90 231.818 0
989 -6.9824 4.48732 -4.42895 90 237.273 0
990 -7.37733 3.80328 -4.42895 90 242.727 0
991 -7.70545 3.0848 -4.42895 90 248.182 0
992 -7.96379 2.33838 -4.42895 90 253.636 0
993 -8.15001 1.57079 -4.42895 90 259.091 0
994 -8.26242 0.788965 -4.42895 90 264.545 0
995 -8.3 -2.97953e-08 -3.62368 90 -90 0
996 -8.26242 -0.788965 -3.62368 90 -84.5455 0
997 -8.15001 -1.57079 -3.62368 90 -79.0909 0
998 -7.96379 -2.33838 -3.62368 90 -73.6364 0
999 -7.70545 -3.0848 -3.62368 90 -68.1818 0
1000 -7.37733 -3.80328 -3.62368 90 -62.7273 0
1001 -6.9824 -4.48732 -3.62368 90 -57.2727 0
1002 -6.52424 -5.13072 -3.62368 90 -51.8182 0
1003 -6.00699 -5.72766 -3.62368 90 -46.3636 0
1004 -5.43534 -6.27272 -3.62368 90 -40.9091 0
1005 -4.81447 -6.76098 -3.62368 90 -35.4545 0
1006 -4.15 -7.18801 -3.62368 90 -30 0
1007 -3.44794 -7.54995 -3.62368 90 -24.5455 0
1008 -2.71466 -7.84351 -3.62368 90 -19.0909 0
1009 -1.9568 -8.06604 -3.62368 90 -13.6364 0
1010 -1.18121 -8.21552 -3.62368 90 -8.18182 0
1011 -0.39493 -8.2906 -3.62368 90 -2.72727 0
1012 0.39493 -8.2906 -3.62368 90 2.72727 0
1013 1.18121 -8.21552 -3.62368 90 8.18182 0
1014 1.9568 -8.06604 -3.62368 90 13.6364 0
1015 2.71466 -7.84351 -3.62368 90 19.0909 0
1016 3.44794 -7.54995 -3.62368 90 24.5455 0
1017 4.15 -7.18801 -3.62368 90 30 0
1018 4.81447 -6.76098 -3.62368 90 35.4545 0
1019 5.43534 -6.27272 -3.62368 90 40.9091 0
1020 6.00699 -5.72766 -3.62368 90 46.3636 0
1021 6.52424 -5.13072 -3.62368 90 51.8182 0
1022 6.9824 -4.48732 -3.62368 90 57.2727 0
1023 7.37733 -3.80328 -3.62368 90 62.7273 0
1024 7.70545 -3.0848 -3.62368 90 68.1818 0
1025 7.96379 -2.33838 -3.62368 90 73.6364 0
1026 8.15001 -1.57079 -3.62368 90 79.0909 0
1027 8.26242 -0.788965 -3.62368 90 84.5455 0
1028 8.3 0 -3.62368 90 90 0
1029 8.26242 0.788965 -3.62368 90 95.4545 0
1030 8.15001 1.57079 -3.62368 90 100.909 0
1031 7.96379 2.33838 -3.62368 90 106.364 0
1032 7.70545 3.0848 -3.62368 90 111.818 0
1033 7.37733 3.80328 -3.62368 90 117.273 0
1034 6.9824 4.48732 -3.62368 90 122.727 0
1035 6.52424 5.13072 -3.62368 90 128.182 0
1036 6.00699 5.72766 -3.62368 90 133.636 0
1037 5.43534 6.27272 -3.62368 90 139.091 0
1038 4.81447 6.76098 -3.62368 90 144.545 0
1039 4.15 7.18801 -3.62368 90 150 0
1040 3.44794 7.54995 -3.62368 90 155.455 0
1041 2.71466 7.84351 -3.62368 90 160.909 0
1042 1.9568 8.06604 -3.62368 90 166.364 0
1043 1.18121 8.21552 -3.62368 90 171.818 0
1044 0.39493 8.2906 -3.62368 90 177.273 0
1045 -0.39493 8.2906 -3.62368 90 182.727 0
1046 -1.18121 8.21552 -3.62368 90 188.182 0
1047 -1.9568 8.06604 -3.62368 90 193.636 0
1048 -2.71466 7.84351 -3.62368 90 199.091 0
1049 -3.44794 7.54995 -3.62368 90 204.545 0
1050 -4.15 7.18801 -3.62368 90 210 0
1051 -4.81447 6.76098 -3.62368 90 215.455 0
1052 -5.43534 6.27272 -3.62368 90 220.909 0
1053 -6.00699 5.72766 -3.62368 90 226.364 0
1054 -6.52424 5.13072 -3.62368 90 231.818 0
1055 -6.9824 4.48732 -3.62368 90 237.273 0
1056 -7.37733 3.80328 -3.62368 90 242.727 0
1057 -7.70545 3.0848 -3.62368 90 248.182 0
1058 -7.96379 2.33838 -3.62368 90 253.636 0
1059 -8.15001 1.57079 -3.62368 90 259.091 0
1060 -8.26242 0.788965 -3.62368 90 264.545 0
1061 -8.3 -2.97953e-08 -2.81842 90 -90 0
1062 -8.26242 -0.788965 -2.81842 90 -84.5455 0
1063 -8.15001 -1.57079 -2.81842 90 -79.0909 0
1064 -7.96379 -2.33838 -2.81842 90 -73.6364 0
1065 -7.70545 -3.0848 -2.81842 90 -68.1818 0
1066 -7.37733 -3.80328 -2.81842 90 -62.7273 0
1067 -6.9824 -4.48732 -2.81842 90 -57.2727 0
1068 -6.52424 -5.13072 -2.81842 90 -51.8182 0
1069 -6.00699 -5.72766 -2.81842 90 -46.3636 0
1070 -5.43534 -6.27272 -2.81842 90 -40.9091 0
1071 -4.81447 -6.76098 -2.81842 90 -35.4545 0
1072 -4.15 -7.18801 -2.81842 90 -30 0
1073 -3.44794 -7.54995 -2.81842 90 -24.5455 0
1074 -2.71466 -7.84351 -2.81842 90 -19.0909 0
1075 -1.9568 -8.06604 -2.81842 90 -13.6364 0
1076 -1.18121 -8.21552 -2.81842 90 -8.18182 0
1077 -0.39493 -8.2906 -2.81842 90 -2.72727 0
1078 0.39493 -8.2906 -2.81842 90 2.72727 0
1079 1.18121 -8.21552 -2.81842 90 8.18182 0
1080 1.9568 -8.06604 -2.81842 90 13.6364 0
1081 2.71466 -7.84351 -2.81842 90 19.0909 0
1082 3.44794 -7.54995 -2.81842 90 24.5455 0
1083 4.15 -7.18801 -2.81842 90 30 0
1084 4.81447 -6.76098 -2.81842 90 35.4545 0
1085 5.43534 -6.27272 -2.81842 90 40.9091 0
1086 6.00699 -5.72766 -2.81842 90 46.3636 0
1087 6.52424 -5.13072 -2.81842 90 51.8182 0
1088 6.9824 -4.48732 -2.81842 90 57.2727 0
1089 7.37733 -3.80328 -2.81842 90 62.7273 0
1090 7.70545 -3.0848 -2.81842 90 68.1818 0
1091 7.96379 -2.33838 -2.81842 90 73.6364 0
1092 8.15001 -1.57079 -2.81842 90 79.0909 0
1093 8.26242 -0.788965 -2.81842 90 84.5455 0
1094 8.3 0 -2.81842 90 90 0
1095 8.26242 0.788965 -2.81842 90 95.4545 0
1096 8.15001 1.57079 -2.81842 90 100.909 0
1097 7.96379 2.33838 -2.81842 90 106.364 0
1098 7.70545 3.0848 -2.81842 90 111.818 0
1099 7.37733 3.80328 -2.81842 90 117.273 0
1100 6.9824 4.48732 -2.81842 90 122.727 0
1101 6.52424 5.13072 -2.81842 90 128.182 0
1102 6.00699 5.72766 -2.81842 90 133.636 0
1103 5.43534 6.27272 -2.81842 90 139.091 0
1104 4.81447 6.76098 -2.81842 90 144.545 0
1105 4.15 7.18801 -2.81842 90 150 0
1106 3.44794 7.54995 -2.81842 90 155.455 0
1107 2.71466 7.84351 -2.81842 90 160.909 0
1108 1.9568 8.06604 -2.81842 90 166.364 0
1109 1.18121 8.21552 -2.81842 90 171.818 0
1110 0.39493 8.2906 -2.81842 90 177.273 0
1111 -0.39493 8.2906 -2.81842 90 182.727 0
1112 -1.18121 8.21552 -2.81842 90 188.182 0
1113 -1.9568 8.06604 -2.81842 90 193.636 0
1114 -2.71466 7.84351 -2.81842 90 199.091 0
1115 -3.44794 7.54995 -2.81842 90 204.545 0
1116 -4.15 7.18801 -2.81842 90 210 0
1117 -4.81447 6.76098 -2.81842 90 215.455 0
1118 -5.43534 6.27272 -2.81842 90 220.909 0
1119 -6.00699 5.72766 -2.81842 90 226.364 0
1120 -6.52424 5.13072 -2.81842 90 231.818 0
1121 -6.9824 4.48732 -2.81842 90 237.273 0
1122 -7.37733 3.80328 -2.81842 90 242.727 0
1123 -7.70545 3.0848 -2.81842 90 248.182 0
1124 -7.96379 2.33838 -2.81842 90 253.636 0
1125 -8.15001 1.57079 -2.81842 90 259.091 0
1126 -8.26242 0.788965 -2.81842 90 264.545 0
1127 -8.3 -2.97953e-08 -2.01316 90 -90 0
1128 -8.26242 -0.788965 -2.01316 90 -84.5455 0
1129 -8.15001 -1.57079 -2.01316 90 -79.0909 0
1130 -7.96379 -2.33838 -2.01316 90 -73.6364 0
1131 -7.70545 -3.0848 -2.01316 90 -68.1818 0
1132 -7.37733 -3.80328 -2.01316 90 -62.7273 0
1133 -6.9824 -4.48732 -2.01316 90 -57.2727 0
1134 -6.52424 -5.13072 -2.01316 90 -51.8182 0
1135 -6.00699 -5.72766 -2.01316 90 -46.3636 0
1136 -5.43534 -6.27272 -2.01316 90 -40.9091 0
1137 -4.81447 -6.76098 -2.01316 90 -35.4545 0
1138 -4.15 -7.18801 -2.01316 90 -30 0
1139 -3.44794 -7.54995 -2.01316 90 -24.5455 0
1140 -2.71466 -7.84351 -2.01316 90 -19.0909 0
1141 -1.9568 -8.06604 -2.01316 90 -13.6364 0
1142 -1.18121 -8.21552 -2.01316 90 -8.18182 0
1143 -0.39493 -8.2906 -2.01316 90 -2.72727 0
1144 0.39493 -8.2906 -2.01316 90 2.72727 0
1145 1.18121 -8.21552 -2.01316 90 8.18182 0
1146 1.9568 -8.06604 -2.01316 90 13.6364 0
1147 2.71466 -7.84351 -2.01316 90 19.0909 0
1148 3.44794 -7.54995 -2.01316 90 24.5455 0
1149 4.15 -7.18801 -2.01316 90 30 0
1150 4.81447 -6.76098 -2.01316 90 35.4545 0
1151 5.43534 -6.27272 -2.01316 90 40.9091 0
1152 6.00699 -5.72766 -2.01316 90 46.3636 0
1153 6.52424 -5.13072 -2.01316 90 51.8182 0
1154 6.9824 -4.48732 -2.01316 90 57.2727 0
1155 7.37733 -3.80328 -2.01316 90 62.7273 0
1156 7.70545 -3.0848 -2.01316 90 68.1818 0
1157 7.96379 -2.33838 -2.01316 90 73.6364 0
1158 8.15001 -1.57079 -2.01316 90 79.0909 0
1159 8.26242 -0.788965 -2.01316 90 84.5455 0
1160 8.3 0 -2.01316 90 90 0
1161 8.26242 0.788965 -2.01316 90 95.4545 0
1162 8.15001 1.57079 -2.01316 90 100.909 0
1163 7.96379 2.33838 -2.01316 90 106.364 0
1164 7.70545 3.0848 -2.01316 90 111.818 0
1165 7.37733 3.80328 -2.01316 90 117.273 0
1166 6.9824 4.48732 -2.01316 90 122.727 0
1167 6.52424 5.13072 -2.01316 90 128.182 0
1168 6.00699 5.72766 -2.01316 90 133.636 0
1169 5.43534 6.27272 -2.01316 90 139.091 0
1170 4.81447 6.76098 -2.01316 90 144.545 0
1171 4.15 7.18801 -2.01316 90 150 0
1172 3.44794 7.54995 -2.01316 90 155.455 0
1173 2.71466 7.84351 -2.01316 90 160.909 0
1174 1.9568 8.06604 -2.01316 90 166.364 0
1175 1.18121 8.21552 -2.01316 90 171.818 0
1176 0.39493 8.2906 -2.01316 90 177.273 0
1177 -0.39493 8.2906 -2.01316 90 182.727 0
1178 -1.18121 8.21552 -2.01316 90 188.182 0
1179 -1.9568 8.06604 -2.01316 90 193.636 0
1180 -2.71466 7.84351 -2.01316 90 199.091 0
1181 -3.44794 7.54995 -2.01316 90 204.545 0
1182 -4.15 7.18801 -2.01316 90 210 0
1183 -4.81447 6.76098 -2.01316 90 215.455 0
1184 -5.43534 6.27272 -2.01316 90 220.909 0
1185 -6.00699 5.72766 -2.01316 90 226.364 0
1186 -6.52424 5.13072 -2.01316 90 231.818 0
1187 -6.9824 4.48732 -2.01316 90 237.273 0
1188 -7.37733 3.80328 -2.01316 90 242.727 0
1189 -7.70545 3.0848 -2.01316 90 248.182 0
1190 -7.96379 2.33838 -2.01316 90 253.636 0
1191 -8.15001 1.57079 -2.01316 90 259.091 0
1192 -8.26242 0.788965 -2.01316 90 264.545 0
1193 -8.3 -2.97953e-08 -1.20789 90 -90 0
1194 -8.26242 -0.788965 -1.20789 90 -84.5455 0
1195 -8.15001 -1.57079 -1.20789 90 -79.0909 0
1196 -7.96379 -2.33838 -1.20789 90 -73.6364 0
1197 -7.70545 -3.0848 -1.20789 90 -68.1818 0
1198 -7.37733 -3.80328 -1.20789 90 -62.7273 0
1199 -6.9824 -4.48732 -1.20789 90 -57.2727 0
1200 -6.52424 -5.13072 -1.20789 90 -51.8182 0
1201 -6.00699 -5.72766 -1.20789 90 -46.3636 0
1202 -5.43534 -6.27272 -1.20789 90 -40.9091 0
1203 -4.81447 -6.76098 -1.20789 90 -35.4545 0
1204 -4.15 -7.18801 -1.20789 90 -30 0
1205 -3.44794 -7.54995 -1.20789 90 -24.5455 0
1206 -2.71466 -7.84351 -1.20789 90 -19.0909 0
1207 -1.9568 -8.06604 -1.20789 90 -13.6364 0
1208 -1.18121 -8.21552 -1.20789 90 -8.18182 0
1209 -0.39493 -8.2906 -1.20789 90 -2.72727 0
1210 0.39493 -8.2906 -1.20789 90 2.72727 0
1211 1.18121 -8.21552 -1.20789 90 8.18182 0
1212 1.9568 -8.06604 -1.20789 90 13.6364 0
1213 2.71466 -7.84351 -1.20789 90 19.0909 0
1214 3.44794 -7.54995 -1.20789 90 24.5455 0
1215 4.15 -7.18801 -1.20789 90 30 0
1216 4.81447 -6.76098 -1.20789 90 35.4545 0
1217 5.43534 -6.27272 -1.20789 90 40.9091 0
1218 6.00699 -5.72766 -1.20789 90 46.3636 0
1219 6.52424 -5.13072 -1.20789 90 51.8182 0
1220 6.9824 -4.48732 -1.20789 90 57.2727 0
1221 7.37733 -3.80328 -1.20789 90 62.7273 0
1222 7.70545 -3.0848 -1.20789 90 68.1818 0
1223 7.96379 -2.33838 -1.20789 90 73.6364 0
1224 8.15001 -1.57079 -1.20789 90 79.0909 0
1225 8.26242 -0.788965 -1.20789 90 84.5455 0
1226 8.3 0 -1.20789 90 90 0
1227 8.26242 0.788965 -1.20789 90 95.4545 0
1228 8.15001 1.57079 -1.20789 90 100.909 0
1229 7.96379 2.33838 -1.20789 90 106.364 0
1230 7.70545 3.0848 -1.20789 90 111.818 0
1231 7.37733 3.80328 -1.20789 90 117.273 0
1232 6.9824 4.48732 -1.20789 90 122.727 0
1233 6.52424 5.13072 -1.20789 90 128.182 0
1234 6.00699 5.72766 -1.20789 90 133.636 0
1235 5.43534 6.27272 -1.20789 90 139.091 0
1236 4.81447 6.76098 -1.20789 90 144.545 0
1237 4.15 7.18801 -1.20789 90 150 0
1238 3.44794 7.54995 -1.20789 90 155.455 0
1239 2.71466 7.84351 -1.20789 90 160.909 0
1240 1.9568 8.06604 -1.20789 90 166.364 0
1241 1.18121 8.21552 -1.20789 90 171.818 0
1242 0.39493 8.2906 -1.20789 90 177.273 0
1243 -0.39493 8.2906 -1.20789 90 182.727 0
1244 -1.18121 8.21552 -1.20789 90 188.182 0
1245 -1.9568 8.06604 -1.20789 90 193.636 0
1246 -2.71466 7.84351 -1.20789 90 199.091 0
1247 -3.44794 7.54995 -1.20789 90 204.545 0
1248 -4.15 7.18801 -1.20789 90 210 0
1249 -4.81447 6.76098 -1.20789 90 215.455 0
1250 -5.43534 6.27272 -1.20789 90 220.909 0
1251 -6.00699 5.72766 -1.20789 90 226.364 0
1252 -6.52424 5.13072 -1.20789 90 231.818 0
1253 -6.9824 4.48732 -1.20789 90 237.273 0
1254 -7.37733 3.80328 -1.20789 90 242.727 0
1255 -7.70545 3.0848 -1.20789 90 248.182 0
1256 -7.96379 2.33838 -1.20789 90 253.636 0
1257 -8.15001 1.57079 -1.20789 90 259.091 0
1258 -8.26242 0.788965 -1.20789 90 264.545 0
1259 -8.3 -2.97953e-08 -0.402632 90 -90 0
1260 -8.26242 -0.788965 -0.402632 90 -84.5455 0
1261 -8.15001 -1.57079 -0.402632 90 -79.0909 0
1262 -7.96379 -2.33838 -0.402632 90 -73.6364 0
1263 -7.70545 -3.0848 -0.402632 90 -68.1818 0
1264 -7.37733 -3.80328 -0.402632 90 -62.7273 0
1265 -6.9824 -4.48732 -0.402632 90 -57.2727 0
1266 -6.52424 -5.13072 -0.402632 90 -51.8182 0
1267 -6.00699 -5.72766 -0.402632 90 -46.3636 0
1268 -5.43534 -6.27272 -0.402632 90 -40.9091 0
1269 -4.81447 -6.76098 -0.402632 90 -35.4545 0
1270 -4.15 -7.18801 -0.402632 90 -30 0
1271 -3.44794 -7.54995 -0.402632 90 -24.5455 0
1272 -2.71466 -7.84351 -0.402632 90 -19.0909 0
1273 -1.9568 -8.06604 -0.402632 90 -13.6364 0
1274 -1.18121 -8.21552 -0.402632 90 -8.18182 0
1275 -0.39493 -8.2906 -0.402632 90 -2.72727 0
1276 0.39493 -8.2906 -0.402632 90 2.72727 0
1277 1.18121 -8.21552 -0.402632 90 8.18182 0
1278 1.9568 -8.06604 -0.402632 90 13.6364 0
1279 2.71466 -7.84351 -0.402632 90 19.0909 0
1280 3.44794 -7.54995 -0.402632 90 24.5455 0
1281 4.15 -7.18801 -0.402632 90 30 0
1282 4.81447 -6.76098 -0.402632 90 35.4545 0
1283 5.43534 -6.27272 -0.402632 90 40.9091 0
1284 6.00699 -5.72766 -0.402632 90 46.3636 0
1285 6.52424 -5.13072 -0.402632 90 51.8182 0
1286 6.9824 -4.48732 -0.402632 90 57.2727 0
1287 7.37733 -3.80328 -0.402632 90 62.7273 0
1288 7.70545 -3.0848 -0.402632 90 68.1818 0
1289 7.96379 -2.33838 -0.402632 90 73.6364 0
1290 8.15001 -1.57079 -0.402632 90 79.0909 0
1291 8.26242 -0.788965 -0.402632 90 84.5455 0
1292 8.3 0 -0.402632 90 90 0
1293 8.26242 0.788965 -0.402632 90 95.4545 0
1294 8.15001 1.57079 -0.402632 90 100.909 0
1295 7.96379 2.33838 -0.402632 90 106.364 0
1296 7.70545 3.0848 -0.402632 90 111.818 0
1297 7.37733 3.80328 -0.402632 90 117.273 0
1298 6.9824 4.48732 -0.402632 90 122.727 0
1299 6.52424 5.13072 -0.402632 90 128.182 0
1300 6.00699 5.72766 -0.402632 90 133.636 0
1301 5.43534 6.27272 -0.402632 90 139.091 0
1302 4.81447 6.76098 -0.402632 90 144.545 0
1303 4.15 7.18801 -0.402632 90 150 0
1304 3.44794 7.54995 -0.402632 90 155.455 0
1305 2.71466 7.84351 -0.402632 90 160.909 0
1306 1.9568 8.06604 -0.402632 90 166.364 0
1307 1.18121 8.21552 -0.402632 90 171.818 0
1308 0.39493 8.2906 -0.402632 90 177.273 0
1309 -0.39493 8.2906 -0.402632 90 182.727 0
1310 -1.18121 8.21552 -0.402632 90 188.182 0
1311 -1.9568 8.06604 -0.402632 90 193.636 0
1312 -2.71466 7.84351 -0.402632 90 199.091 0
1313 -3.44794 7.54995 -0.402632 90 204.545 0
1314 -4.15 7.18801 -0.402632 90 210 0
1315 -4.81447 6.76098 -0.402632 90 215.455 0
1316 -5.43534 6.27272 -0.402632 90 220.909 0
1317 -6.00699 5.72766 -0.402632 90 226.364 0
1318 -6.52424 5.13072 -0.402632 90 231.818 0
1319 -6.9824 4.48732 -0.402632 90 237.273 0
1320 -7.37733 3.80328 -0.402632 90 242.727 0
1321 -7.70545 3.0848 -0.402632 90 248.182 0
1322 -7.96379 2.33838 -0.402632 90 253.636 0
1323 -8.15001 1.57079 -0.402632 90 259.091 0
1324 -8.26242 0.788965 -0.402632 90 264.545 0
1325 -8.3 -2.97953e-08 0.402632 90 -90 0
1326 -8.26242 -0.788965 0.402632 90 -84.5455 0
1327 -8.15001 -1.57079 0.402632 90 -79.0909 0
1328 -7.96379 -2.33838 0.402632 90 -73.6364 0
1329 -7.70545 -3.0848 0.402632 90 -68.1818 0
1330 -7.37733 -3.80328 0.402632 90 -62.7273 0
1331 -6.9824 -4.48732 0.402632 90 -57.2727 0
1332 -6.52424 -5.13072 0.402632 90 -51.8182 0
1333 -6.00699 -5.72766 0.402632 90 -46.3636 0
1334 -5.43534 -6.27272 0.402632 90 -40.9091 0
1335 -4.81447 -6.76098 0.402632 90 -35.4545 0
1336 -4.15 -7.18801 0.402632 90 -30 0
1337 -3.44794 -7.54995 0.402632 90 -24.5455 0
1338 -2.71466 -7.84351 0.402632 90 -19.0909 0
1339 -1.9568 -8.06604 0.402632 90 -13.6364 0
1340 -1.18121 -8.21552 0.402632 90 -8.18182 0
1341 -0.39493 -8.2906 0.402632 90 -2.72727 0
1342 0.39493 -8.2906 0.402632 90 2.72727 0
1343 1.18121 -8.21552 0.402632 90 8.18182 0
1344 1.9568 -8.06604 0.402632 90 13.6364 0
1345 2.71466 -7.84351 0.402632 90 19.0909 0
1346 3.44794 -7.54995 0.402632 90 24.5455 0
1347 4.15 -7.18801 0.402632 90 30 0
1348 4.81447 -6.76098 0.402632 90 35.4545 0
1349 5.43534 -6.27272 0.402632 90 40.9091 0
1350 6.00699 -5.72766 0.402632 90 46.3636 0
1351 6.52424 -5.13072 0.402632 90 51.8182 0
1352 6.9824 -4.48732 0.402632 90 57.2727 0
1353 7.37733 -3.80328 0.402632 90 62.7273 0
1354 7.70545 -3.0848 0.402632 90 68.1818 0
1355 7.96379 -2.33838 0.402632 90 73.6364 0
1356 8.15001 -1.57079 0.402632 90 79.0909 0
1357 8.26242 -0.788965 0.402632 90 84.5455 0
1358 8.3 0 0.402632 90 90 0
1359 8.26242 0.788965 0.402632 90 95.4545 0
1360 8.15001 1.57079 0.402632 90 100.909 0
1361 7.96379 2.33838 0.402632 90 106.364 0
1362 7.70545 3.0848 0.402632 90 111.818 0
1363 7.37733 3.80328 0.402632 90 117.273 0
1364 6.9824 4.48732 0.402632 90 122.727 0
1365 6.52424 5.13072 0.402632 90 128.182 0
1366 6.00699 5.72766 0.402632 90 133.636 0
1367 5.43534 6.27272 0.402632 90 139.091 0
1368 4.81447 6.76098 0.402632 90 144.545 0
1369 4.15 7.18801 0.402632 90 150 0
1370 3.44794 7.54995 0.402632 90 155.455 0
1371 2.71466 7.84351 0.402632 90 160.909 0
1372 1.9568 8.06604 0.402632 90 166.364 0
1373 1.18121 8.21552 0.402632 90 171.818 0
1374 0.39493 8.2906 0.402632 90 177.273 0
1375 -0.39493 8.2906 0.402632 90 182.727 0
1376 -1.18121 8.21552 0.402632 90 188.182 0
1377 -1.9568 8.06604 0.402632 90 193.636 0
1378 -2.71466 7.84351 0.402632 90 199.091 0
1379 -3.44794 7.54995 0.402632 90 204.545 0
1380 -4.15 7.18801 0.402632 90 210 0
1381 -4.81447 6.76098 0.402632 90 215.455 0
1382 -5.43534 6.27272 0.402632 90 220.909 0
1383 -6.00699 5.72766 0.402632 90 226.364 0
1384 -6.52424 5.13072 0.402632 90 231.818 0
1385 -6.9824 4.48732 0.402632 90 237.273 0
1386 -7.37733 3.80328 0.402632 90 242.727 0
1387 -7.70545 3.0848 0.402632 90 248.182 0
1388 -7.96379 2.33838 0.402632 90 253.636 0
1389 -8.15001 1.57079 0.402632 90 259.091 0
1390 -8.26242 0.788965 0.402632 90 264.545 0
1391 -8.3 -2.97953e-08 1.20789 90 -90 0
1392 -8.26242 -0.788965 1.20789 90 -84.5455 0
1393 -8.15001 -1.57079 1.20789 90 -79.0909 0
1394 -7.96379 -2.33838 1.20789 90 -73.6364 0
1395 -7.70545 -3.0848 1.20789 90 -68.1818 0
1396 -7.37733 -3.80328 1.20789 90 -62.7273 0
1397 -6.9824 -4.48732 1.20789 90 -57.2727 0
1398 -6.52424 -5.13072 1.20789 90 -51.8182 0
1399 -6.00699 -5.72766 1.20789 90 -46.3636 0
1400 -5.43534 -6.27272 1.20789 90 -40.9091 0
1401 -4.81447 -6.76098 1.20789 90 -35.4545 0
1402 -4.15 -7.18801 1.20789 90 -30 0
1403 -3.44794 -7.54995 1.20789 90 -24.5455 0
1404 -2.71466 -7.84351 1.20789 90 -19.0909 0
1405 -1.9568 -8.06604 1.20789 90 -13.6364 0
1406 -1.18121 -8.21552 1.20789 90 -8.18182 0
1407 -0.39493 -8.2906 1.20789 90 -2.72727 0
1408 0.39493 -8.2906 1.20789 90 2.72727 0
1409 1.18121 -8.21552 1.20789 90 8.18182 0
1410 1.9568 -8.06604 1.20789 90 13.6364 0
1411 2.71466 -7.84351 1.20789 90 19.0909 0
1412 3.44794 -7.54995 1.20789 90 24.5455 0
1413 4.15 -7.18801 1.20789 90 30 0
1414 4.81447 -6.76098 1.20789 90 35.4545 0
1415 5.43534 -6.27272 1.20789 90 40.9091 0
1416 6.00699 -5.72766 1.20789 90 46.3636 0
1417 6.52424 -5.13072 1.20789 90 51.8182 0
1418 6.9824 -4.48732 1.20789 90 57.2727 0
1419 7.37733 -3.80328 1.20789 90 62.7273 0
1420 7.70545 -3.0848 1.20789 90 68.1818 0
1421 7.96379 -2.33838 1.20789 90 73.6364 0
1422 8.15001 -1.57079 1.20789 90 79.0909 0
1423 8.26242 -0.788965 1.20789 90 84.5455 0
1424 8.3 0 1.20789 90 90 0
1425 8.26242 0.788965 1.20789 90 95.4545 0
1426 8.15001 1.57079 1.20789 90 100.909 0
1427 7.96379 2.33838 1.20789 90 106.364 0
1428 7.70545 3.0848 1.20789 90 111.818 0
1429 7.37733 3.80328 1.20789 90 117.273 0
1430 6.9824 4.48732 1.20789 90 122.727 0
1431 6.52424 5.13072 1.20789 90 128.182 0
1432 6.00699 5.72766 1.20789 90 133.636 0
1433 5.43534 6.27272 1.20789 90 139.091 0
1434 4.81447 6.76098 1.20789 90 144.545 0
1435 4.15 7.18801 1.20789 90 150 0
1436 3.44794 7.54995 1.20789 90 155.455 0
1437 2.71466 7.84351 1.20789 90 160.909 0
1438 1.9568 8.06604 1.20789 90 166.364 0
1439 1.18121 8.21552 1.20789 90 171.818 0
1440 0.39493 8.2906 1.20789 90 177.273 0
1441 -0.39493 8.2906 1.20789 90 182.727 0
1442 -1.18121 8.21552 1.20789 90 188.182 0
1443 -1.9568 8.06604 1.20789 90 193.636 0
1444 -2.71466 7.84351 1.20789 90 199.091 0
1445 -3.44794 7.54995 1.20789 90 204.545 0
1446 -4.15 7.18801 1.20789 90 210 0
1447 -4.81447 6.76098 1.20789 90 215.455 0
1448 -5.43534 6.27272 1.20789 90 220.909 0
1449 -6.00699 5.72766 1.20789 90 226.364 0
1450 -6.52424 5.13072 1.20789 90 231.818 0
1451 -6.9824 4.48732 1.20789 90 237.273 0
1452 -7.37733 3.80328 1.20789 90 242.727 0
1453 -7.70545 3.0848 1.20789 90 248.182 0
1454 -7.96379 2.33838 1.20789 90 253.636 0
1455 -8.15001 1.57079 1.20789 90 259.091 0
1456 -8.26242 0.788965 1.20789 90 264.545 0
1457 -8.3 -2.97953e-08 2.01316 90 -90 0
1458 -8.26242 -0.788965 2.01316 90 -84.5455 0
1459 -8.15001 -1.57079 2.01316 90 -79.0909 0
1460 -7.96379 -2.33838 2.01316 90 -73.6364 0
1461 -7.70545 -3.0848 2.01316 90 -68.1818 0
1462 -7.37733 -3.80328 2.01316 90 -62.7273 0
1463 -6.9824 -4.48732 2.01316 90 -57.2727 0
1464 -6.52424 -5.13072 2.01316 90 -51.8182 0
1465 -6.00699 -5.72766 2.01316 90 -46.3636 0
1466 -5.43534 -6.27272 2.01316 90 -40.9091 0
1467 -4.81447 -6.76098 2.01316 90 -35.4545 0
1468 -4.15 -7.18801 2.01316 90 -30 0
1469 -3.44794 -7.54995 2.01316 90 -24.5455 0
1470 -2.71466 -7.84351 2.01316 90 -19.0909 0
1471 -1.9568 -8.06604 2.01316 90 -13.6364 0
1472 -1.18121 -8.21552 2.01316 90 -8.18182 0
1473 -0.39493 -8.2906 2.01316 90 -2.72727 0
1474 0.39493 -8.2906 2.01316 90 2.72727 0
1475 1.18121 -8.21552 2.01316 90 8.18182 0
1476 1.9568 -8.06604 2.01316 90 13.6364 0
1477 2.71466 -7.84351 2.01316 90 19.0909 0
1478 3.44794 -7.54995 2.01316 90 24.5455 0
1479 4.15 -7.18801 2.01316 90 30 0
1480 4.81447 -6.76098 2.01316 90 35.4545 0
1481 5.43534 -6.27272 2.01316 90 40.9091 0
1482 6.00699 -5.72766 2.01316 90 46.3636 0
1483 6.52424 -5.13072 2.01316 90 51.8182 0
1484 6.9824 -4.48732 2.01316 90 57.2727 0
1485 7.37733 -3.80328 2.01316 90 62.7273 0
1486 7.70545 -3.0848 2.01316 90 68.1818 0
1487 7.96379 -2.33838 2.01316 90 73.6364 0
1488 8.15001 -1.57079 2.01316 90 79.0909 0
1489 8.26242 -0.788965 2.01316 90 84.5455 0
1490 8.3 0 2.01316 90 90 0
1491 8.26242 0.788965 2.01316 90 95.4545 0
1492 8.15001 1.57079 2.01316 90 100.909 0
1493 7.96379 2.33838 2.01316 90 106.364 0
1494 7.70545 3.0848 2.01316 90 111.818 0
1495 7.37733 3.80328 2.01316 90 117.273 0
1496 6.9824 4.48732 2.01316 90 122.727 0
1497 6.52424 5.13072 2.01316 90 128.182 0
1498 6.00699 5.72766 2.01316 90 133.636 0
1499 5.43534 6.27272 2.01316 90 139.091 0
1500 4.81447 6.76098 2.01316 90 144.545 0
1501 4.15 7.18801 2.01316 90 150 0
1502 3.44794 7.54995 2.01316 90 155.455 0
1503 2.71466 7.84351 2.01316 90 160.909 0
1504 1.9568 8.06604 2.01316 90 166.364 0
1505 1.18121 8.21552 2.01316 90 171.818 0
1506 0.39493 8.2906 2.01316 90 177.273 0
1507 -0.39493 8.2906 2.01316 90 182.727 0
1508 -1.18121 8.21552 2.01316 90 188.182 0
1509 -1.9568 8.06604 2.01316 90 193.636 0
1510 -2.71466 7.84351 2.01316 90 199.091 0
1511 -3.44794 7.54995 2.01316 90 204.545 0
1512 -4.15 7.18801 2.01316 90 210 0
1513 -4.81447 6.76098 2.01316 90 215.455 0
1514 -5.43534 6.27272 2.01316 90 220.909 0
1515 -6.00699 5.72766 2.01316 90 226.364 0
1516 -6.52424 5.13072 2.01316 90 231.818 0
1517 -6.9824 4.48732 2.01316 90 237.273 0
1518 -7.37733 3.80328 2.01316 90 242.727 0
1519 -7.70545 3.0848 2.01316 90 248.182 0
1520 -7.96379 2.33838 2.01316 90 253.636 0
1521 -8.15001 1.57079 2.01316 90 259.091 0
1522 -8.26242 0.788965 2.01316 90 264.545 0
1523 -8.3 -2.97953e-08 2.81842 90 -90 0
1524 -8.26242 -0.788965 2.81842 90 -84.5455 0
1525 -8.15001 -1.57079 2.81842 90 -79.0909 0
1526 -7.96379 -2.33838 2.81842 90 -73.6364 0
1527 -7.70545 -3.0848 2.81842 90 -68.1818 0
1528 -7.37733 -3.80328 2.81842 90 -62.7273 0
1529 -6.9824 -4.48732 2.81842 90 -57.2727 0
1530 -6.52424 -5.13072 2.81842 90 -51.8182 0
1531 -6.00699 -5.72766 2.81842 90 -46.3636 0
1532 -5.43534 -6.27272 2.81842 90 -40.9091 0
1533 -4.81447 -6.76098 2.81842 90 -35.4545 0
1534 -4.15 -7.18801 2.81842 90 -30 0
1535 -3.44794 -7.54995 2.81842 90 -24.5455 0
1536 -2.71466 -7.84351 2.81842 90 -19.0909 0
1537 -1.9568 -8.06604 2.81842 90 -13.6364 0
1538 -1.18121 -8.21552 2.81842 90 -8.18182 0
1539 -0.39493 -8.2906 2.81842 90 -2.72727 0
1540 0.39493 -8.2906 2.81842 90 2.72727 0
1541 1.18121 -8.21552 2.81842 90 8.18182 0
1542 1.9568 -8.06604 2.81842 90 13.6364 0
1543 2.71466 -7.84351 2.81842 90 19.0909 0
1544 3.44794 -7.54995 2.81842 90 24.5455 0
1545 4.15 -7.18801 2.81842 90 30 0
1546 4.81447 -6.76098 2.81842 90 35.4545 0
1547 5.43534 -6.27272 2.81842 90 40.9091 0
1548 6.00699 -5.72766 2.81842 90 46.3636 0
1549 6.52424 -5.13072 2.81842 90 51.8182 0
1550 6.9824 -4.48732 2.81842 90 57.2727 0
1551 7.37733 -3.80328 2.81842 90 62.7273 0
1552 7.70545 -3.0848 2.81842 90 68.1818 0
1553 7.96379 -2.33838 2.81842 90 73.6364 0
1554 8.15001 -1.57079 2.81842 90 79.0909 0
1555 8.26242 -0.788965 2.81842 90 84.5455 0
1556 8.3 0 2.81842 90 90 0
1557 8.26242 0.788965 2.81842 90 95.4545 0
1558 8.15001 1.57079 2.81842 90 100.909 0
1559 7.96379 2.33838 2.81842 90 106.364 0
1560 7.70545 3.0848 2.81842 90 111.818 0
1561 7.37733 3.80328 2.81842 90 117.273 0
1562 6.9824 4.48732 2.81842 90 122.727 0
1563 6.52424 5.13072 2.81842 90 128.182 0
1564 6.00699 5.72766 2.81842 90 133.636 0
1565 5.43534 6.27272 2.81842 90 139.091 0
1566 4.81447 6.76098 2.81842 90 144.545 0
1567 4.15 7.18801 2.81842 90 150 0
1568 3.44794 7.54995 2.81842 90 155.455 0
1569 2.71466 7.84351 2.81842 90 160.909 0
1570 1.9568 8.06604 2.81842 90 166.364 0
1571 1.18121 8.21552 2.81842 90 171.818 0
1572 0.39493 8.2906 2.81842 90 177.273 0
1573 -0.39493 8.2906 2.81842 90 182.727 0
1574 -1.18121 8.21552 2.81842 90 188.182 0
1575 -1.9568 8.06604 2.81842 90 193.636 0
1576 -2.71466 7.84351 2.81842 90 199.091 0
1577 -3.44794 7.54995 2.81842 90 204.545 0
1578 -4.15 7.18801 2.81842 90 210 0
1579 -4.81447 6.76098 2.81842 90 215.455 0
1580 -5.43534 6.27272 2.81842 90 220.909 0
1581 -6.00699 5.72766 2.81842 90 226.364 0
1582 -6.52424 5.13072 2.81842 90 231.818 0
1583 -6.9824 4.48732 2.81842 90 237.273 0
1584 -7.37733 3.80328 2.81842 90 242.727 0
1585 -7.70545 3.0848 2.81842 90 248.182 0
1586 -7.96379 2.33838 2.81842 90 253.636 0
1587 -8.15001 1.57079 2.81842 90 259.091 0
1588 -8.26242 0.788965 2.81842 90 264.545 0
1589 -8.3 -2.97953e-08 3.62368 90 -90 0
1590 -8.26242 -0.788965 3.62368 90 -84.5455 0
1591 -8.15001 -1.57079 3.62368 90 -79.0909 0
1592 -7.96379 -2.33838 3.62368 90 -73.6364 0
1593 -7.70545 -3.0848 3.62368 90 -68.1818 0
1594 -7.37733 -3.80328 3.62368 90 -62.7273 0
1595 -6.9824 -4.48732 3.62368 90 -57.2727 0
1596 -6.52424 -5.13072 3.62368 90 -51.8182 0
1597 -6.00699 -5.72766 3.62368 90 -46.3636 0
1598 -5.43534 -6.27272 3.62368 90 -40.9091 0
1599 -4.81447 -6.76098 3.62368 90 -35.4545 0
1600 -4.15 -7.18801 3.62368 90 -30 0
1601 -3.44794 -7.54995 3.62368 90 -24.5455 0
1602 -2.71466 -7.84351 3.62368 90 -19.0909 0
1603 -1.9568 -8.06604 3.62368 90 -13.6364 0
1604 -1.18121 -8.21552 3.62368 90 -8.18182 0
1605 -0.39493 -8.2906 3.62368 90 -2.72727 0
1606 0.39493 -8.2906 3.62368 90 2.72727 0
1607 1.18121 -8.21552 3.62368 90 8.18182 0
1608 1.9568 -8.06604 3.62368 90 13.6364 0
1609 2.71466 -7.84351 3.62368 90 19.0909 0
1610 3.44794 -7.54995 3.62368 90 24.5455 0
1611 4.15 -7.18801 3.62368 90 30 0
1612 4.81447 -6.76098 3.62368 90 35.4545 0
1613 5.43534 -6.27272 3.62368 90 40.9091 0
1614 6.00699 -5.72766 3.62368 90 46.3636 0
1615 6.52424 -5.13072 3.62368 90 51.8182 0
1616 6.9824 -4.48732 3.62368 90 57.2727 0
1617 7.37733 -3.80328 3.62368 90 62.7273 0
1618 7.70545 -3.0848 3.62368 90 68.1818 0
1619 7.96379 -2.33838 3.62368 90 73.6364 0
1620 8.15001 -1.57079 3.62368 90 79.0909 0
1621 8.26242 -0.788965 3.62368 90 84.5455 0
1622 8.3 0 3.62368 90 90 0
1623 8.26242 0.788965 3.62368 90 95.4545 0
1624 8.15001 1.57079 3.62368 90 100.909 0
1625 7.96379 2.33838 3.62368 90 106.364 0
1626 7.70545 3.0848 3.62368 90 111.818 0
1627 7.37733 3.80328 3.62368 90 117.273 0
1628 6.9824 4.48732 3.62368 90 122.727 0
1629 6.52424 5.13072 3.62368 90 128.182 0
1630 6.00699 5.72766 3.62368 90 133.636 0
1631 5.43534 6.27272 3.62368 90 139.091 0
1632 4.81447 6.76098 3.62368 90 144.545 0
1633 4.15 7.18801 3.62368 90 150 0
1634 3.44794 7.54995 3.62368 90 155.455 0
1635 2.71466 7.84351 3.62368 90 160.909 0
1636 1.9568 8.06604 3.62368 90 166.364 0
1637 1.18121 8.21552 3.62368 90 171.818 0
1638 0.39493 8.2906 3.62368 90 177.273 0
1639 -0.39493 8.2906 3.62368 90 182.727 0
1640 -1.18121 8.21552 3.62368 90 188.182 0
1641 -1.9568 8.06604 3.62368 90 193.636 0
1642 -2.71466 7.84351 3.62368 90 199.091 0
1643 -3.44794 7.54995 3.62368 90 204.545 0
1644 -4.15 7.18801 3.62368 90 210 0
1645 -4.81447 6.76098 3.62368 90 215.455 0
1646 -5.43534 6.27272 3.62368 90 220.909 0
1647 -6.00699 5.72766 3.62368 90 226.364 0
1648 -6.52424 5.13072 3.62368 90 231.818 0
1649 -6.9824 4.48732 3.62368 90 237.273 0
1650 -7.37733 3.80328 3.62368 90 242.727 0
1651 -7.70545 3.0848 3.62368 90 248.182 0
1652 -7.96379 2.33838 3.62368 90 253.636 0
1653 -8.15001 1.57079 3.62368 90 259.091 0
1654 -8.26242 0.788965 3.62368 90 264.545 0
1655 -8.3 -2.97953e-08 4.42895 90 -90 0
1656 -8.26242 -0.788965 4.42895 90 -84.5455 0
1657 -8.15001 -1.57079 4.42895 90 -79.0909 0
1658 -7.96379 -2.33838 4.42895 90 -73.6364 0
1659 -7.70545 -3.0848 4.42895 90 -68.1818 0
1660 -7.37733 -3.80328 4.42895 90 -62.7273 0
1661 -6.9824 -4.48732 4.42895 90 -57.2727 0
1662 -6.52424 -5.13072 4.42895 90 -51.8182 0
1663 -6.00699 -5.72766 4.42895 90 -46.3636 0
1664 -5.43534 -6.27272 4.42895 90 -40.9091 0
1665 -4.81447 -6.76098 4.42895 90 -35.4545 0
1666 -4.15 -7.18801 4.42895 90 -30 0
1667 -3.44794 -7.54995 4.42895 90 -24.5455 0
1668 -2.71466 -7.84351 4.42895 90 -19.0909 0
1669 -1.9568 -8.06604 4.42895 90 -13.6364 0
1670 -1.18121 -8.21552 4.42895 90 -8.18182 0
1671 -0.39493 -8.2906 4.42895 90 -2.72727 0
1672 0.39493 -8.2906 4.42895 90 2.72727 0
1673 1.18121 -8.21552 4.42895 90 8.18182 0
1674 1.9568 -8.06604 4.42895 90 13.6364 0
1675 2.71466 -7.84351 4.42895 90 19.0909 0
1676 3.44794 -7.54995 4.42895 90 24.5455 0
1677 4.15 -7.18801 4.42895 90 30 0
1678 4.81447 -6.76098 4.42895 90 35.4545 0
1679 5.43534 -6.27272 4.42895 90 40.9091 0
1680 6.00699 -5.72766 4.42895 90 46.3636 0
1681 6.52424 -5.13072 4.42895 90 51.8182 0
1682 6.9824 -4.48732 4.42895 90 57.2727 0
1683 7.37733 -3.80328 4.42895 90 62.7273 0
1684 7.70545 -3.0848 4.42895 90 68.1818 0
1685 7.96379 -2.33838 4.42895 90 73.6364 0
1686 8.15001 -1.57079 4.42895 90 79.0909 0
1687 8.26242 -0.788965 4.42895 90 84.5455 0
1688 8.3 0 4.42895 90 90 0
1689 8.26242 0.788965 4.42895 90 95.4545 0
1690 8.15001 1.57079 4.42895 90 100.909 0
1691 7.96379 2.33838 4.42895 90 106.364 0
1692 7.70545 3.0848 4.42895 90 111.818 0
1693 7.37733 3.80328 4.42895 90 117.273 0
1694 6.9824 4.48732 4.42895 90 122.727 0
1695 6.52424 5.13072 4.42895 90 128.182 0
1696 6.00699 5.72766 4.42895 90 133.636 0
1697 5.43534 6.27272 4.42895 90 139.091 0
1698 4.81447 6.76098 4.42895 90 144.545 0
1699 4.15 7.18801 4.42895 90 150 0
1700 3.44794 7.54995 4.42895 90 155.455 0
1701 2.71466 7.84351 4.42895 90 160.909 0
1702 1.9568 8.06604 4.42895 90 166.364 0
1703 1.18121 8.21552 4.42895 90 171.818 0
1704 0.39493 8.2906 4.42895 90 177.273 0
1705 -0.39493 8.2906 4.42895 90 182.727 0
1706 -1.18121 8.21552 4.42895 90 188.182 0
1707 -1.9568 8.06604 4.42895 90 193.636 0
1708 -2.71466 7.84351 4.42895 90 199.091 0
1709 -3.44794 7.54995 4.42895 90 204.545 0
1710 -4.15 7.18801 4.42895 90 210 0
1711 -4.81447 6.76098 4.42895 90 215.455 0
1712 -5.43534 6.27272 4.42895 90 220.909 0
1713 -6.00699 5.72766 4.42895 90 226.364 0
1714 -6.52424 5.13072 4.42895 90 231.818 0
1715 -6.9824 4.48732 4.42895 90 237.273 0
1716 -7.37733 3.80328 4.42895 90 242.727 0
1717 -7.70545 3.0848 4.42895 90 248.182 0
1718 -7.96379 2.33838 4.42895 90 253.636 0
1719 -8.15001 1.57079 4.42895 90 259.091 0
1720 -8.26242 0.788965 4.42895 90 264.545 0
1721 -8.3 -2.97953e-08 5.23421 90 -90 0
1722 -8.26242 -0.788965 5.23421 90 -84.5455 0
1723 -8.15001 -1.57079 5.23421 90 -79.0909 0
1724 -7.96379 -2.33838 5.23421 90 -73.6364 0
1725 -7.70545 -3.0848 5.23421 90 -68.1818 0
1726 -7.37733 -3.80328 5.23421 90 -62.7273 0
1727 -6.9824 -4.48732 5.23421 90 -57.2727 0
1728 -6.52424 -5.13072 5.23421 90 -51.8182 0
1729 -6.00699 -5.72766 5.23421 90 -46.3636 0
1730 -5.43534 -6.27272 5.23421 90 -40.9091 0
1731 -4.81447 -6.76098 5.23421 90 -35.4545 0
1732 -4.15 -7.18801 5.23421 90 -30 0
1733 -3.44794 -7.54995 5.23421 90 -24.5455 0
1734 -2.71466 -7.84351 5.23421 90 -19.0909 0
1735 -1.9568 -8.06604 5.23421 90 -13.6364 0
1736 -1.18121 -8.21552 5.23421 90 -8.18182 0
1737 -0.39493 -8.2906 5.23421 90 -2.72727 0
1738 0.39493 -8.2906 5.23421 90 2.72727 0
1739 1.18121 -8.21552 5.23421 90 8.18182 0
1740 1.9568 -8.06604 5.23421 90 13.6364 0
1741 2.71466 -7.84351 5.23421 90 19.0909 0
1742 3.44794 -7.54995 5.23421 90 24.5455 0
1743 4.15 -7.18801 5.23421 90 30 0
1744 4.81447 -6.76098 5.23421 90 35.4545 0
1745 5.43534 -6.27272 5.23421 90 40.9091 0
1746 6.00699 -5.72766 5.23421 90 46.3636 0
1747 6.52424 -5.13072 5.23421 90 51.8182 0
1748 6.9824 -4.48732 5.23421 90 57.2727 0
1749 7.37733 -3.80328 5.23421 90 62.7273 0
1750 7.70545 -3.0848 5.23421 90 68.1818 0
1751 7.96379 -2.33838 5.23421 90 73.6364 0
1752 8.15001 -1.57079 5.23421 90 79.0909 0
1753 8.26242 -0.788965 5.23421 90 84.5455 0
1754 8.3 0 5.23421 90 90 0
1755 8.26242 0.788965 5.23421 90 95.4545 0
1756 8.15001 1.57079 5.23421 90 100.909 0
1757 7.96379 2.33838 5.23421 90 106.364 0
1758 7.70545 3.0848 5.23421 90 111.818 0
1759 7.37733 3.80328 5.23421 90 117.273 0
1760 6.9824 4.48732 5.23421 90 122.727 0
1761 6.52424 5.13072 5.23421 90 128.182 0
1762 6.00699 5.72766 5.23421 90 133.636 0
1763 5.43534 6.27272 5.23421 90 139.091 0
1764 4.81447 6.76098 5.23421 90 144.545 0
1765 4.15 7.18801 5.23421 90 150 0
1766 3.44794 7.54995 5.23421 90 155.455 0
1767 2.71466 7.84351 5.23421 90 160.909 0
1768 1.9568 8.06604 5.23421 90 166.364 0
1769 1.18121 8.21552 5.23421 90 171.818 0
1770 0.39493 8.2906 5.23421 90 177.273 0
1771 -0.39493 8.2906 5.23421 90 182.727 0
1772 -1.18121 8.21552 5.23421 90 188.182 0
1773 -1.9568 8.06604 5.23421 90 193.636 0
1774 -2.71466 7.84351 5.23421 90 199.091 0
1775 -3.44794 7.54995 5.23421 90 204.545 0
1776 -4.15 7.18801 5.23421 90 210 0
1777 -4.81447 6.76098 5.23421 90 215.455 0
1778 -5.43534 6.27272 5.23421 90 220.909 0
1779 -6.00699 5.72766 5.23421 90 226.364 0
1780 -6.52424 5.13072 5.23421 90 231.818 0
1781 -6.9824 4.48732 5.23421 90 237.273 0
1782 -7.37733 3.80328 5.23421 90 242.727 0
1783 -7.70545 3.0848 5.23421 90 248.182 0
1784 -7.96379 2.33838 5.23421 90 253.636 0
1785 -8.15001 1.57079 5.23421 90 259.091 0
1786 -8.26242 0.788965 5.23421 90 264.545 0
1787 -8.3 -2.97953e-08 6.03947 90 -90 0
1788 -8.26242 -0.788965 6.03947 90 -84.5455 0
1789 -8.15001 -1.57079 6.03947 90 -79.0909 0
1790 -7.96379 -2.33838 6.03947 90 -73.6364 0
1791 -7.70545 -3.0848 6.03947 90 -68.1818 0
1792 -7.37733 -3.80328 6.03947 90 -62.7273 0
1793 -6.9824 -4.48732 6.03947 90 -57.2727 0
1794 -6.52424 -5.13072 6.03947 90 -51.8182 0
1795 -6.00699 -5.72766 6.03947 90 -46.3636 0
1796 -5.43534 -6.27272 6.03947 90 -40.9091 0
1797 -4.81447 -6.76098 6.03947 90 -35.4545 0
1798 -4.15 -7.18801 6.03947 90 -30 0
1799 -3.44794 -7.54995 6.03947 90 -24.5455 0
1800 -2.71466 -7.84351 6.03947 90 -19.0909 0
1801 -1.9568 -8.06604 6.03947 90 -13.6364 0
1802 -1.18121 -8.21552 6.03947 90 -8.18182 0
1803 -0.39493 -8.2906 6.03947 90 -2.72727 0
1804 0.39493 -8.2906 6.03947 90 2.72727 0
1805 1.18121 -8.21552 6.03947 90 8.18182 0
1806 1.9568 -8.06604 6.03947 90 13.6364 0
1807 2.71466 -7.84351 6.03947 90 19.0909 0
1808 3.44794 -7.54995 6.03947 90 24.5455 0
1809 4.15 -7.18801 6.03947 90 30 0
1810 4.81447 -6.76098 6.03947 90 35.4545 0
1811 5.43534 -6.27272 6.03947 90 40.9091 0
1812 6.00699 -5.72766 6.03947 90 46.3636 0
1813 6.52424 -5.13072 6.03947 90 51.8182 0
1814 6.9824 -4.48732 6.03947 90 57.2727 0
1815 7.37733 -3.80328 6.03947 90 62.7273 0
1816 7.70545 -3.0848 6.03947 90 68.1818 0
1817 7.96379 -2.33838 6.03947 90 73.6364 0
1818 8.15001 -1.57079 6.03947 90 79.0909 0
1819 8.26242 -0.788965 6.03947 90 84.5455 0
1820 8.3 0 6.03947 90 90 0
1821 8.26242 0.788965 6.03947 90 95.4545 0
1822 8.15001 1.57079 6.03947 90 100.909 0
1823 7.96379 2.33838 6.03947 90 106.364 0
1824 7.70545 3.0848 6.03947 90 111.818 0
1825 7.37733 3.80328 6.03947 90 117.273 0
1826 6.9824 4.48732 6.03947 90 122.727 0
1827 6.52424 5.13072 6.03947 90 128.182 0
1828 6.00699 5.72766 6.03947 90 133.636 0
1829 5.43534 6.27272 6.03947 90 139.091 0
1830 4.81447 6.76098 6.03947 90 144.545 0
1831 4.15 7.18801 6.03947 90 150 0
1832 3.44794 7.54995 6.03947 90 155.455 0
1833 2.71466 7.84351 6.03947 90 160.909 0
1834 1.9568 8.06604 6.03947 90 166.364 0
1835 1.18121 8.21552 6.03947 90 171.818 0
1836 0.39493 8.2906 6.03947 90 177.273 0
1837 -0.39493 8.2906 6.03947 90 182.727 0
1838 -1.18121 8.21552 6.03947 90 188.182 0
1839 -1.9568 8.06604 6.03947 90 193.636 0
1840 -2.71466 7.84351 6.03947 90 199.091 0
1841 -3.44794 7.54995 6.03947 90 204.545 0
1842 -4.15 7.18801 6.03947 90 210 0
1843 -4.81447 6.76098 6.03947 90 215.455 0
1844 -5.43534 6.27272 6.03947 90 220.909 0
1845 -6.00699 5.72766 6.03947 90 226.364 0
1846 -6.52424 5.13072 6.03947 90 231.818 0
1847 -6.9824 4.48732 6.03947 90 237.273 0
1848 -7.37733 3.80328 6.03947 90 242.727 0
1849 -7.70545 3.0848 6.03947 90 248.182 0
1850 -7.96379 2.33838 6.03947 90 253.636 0
1851 -8.15001 1.57079 6.03947 90 259.091 0
1852 -8.26242 0.788965 6.03947 90 264.545 0
1853 -8.3 -2.97953e-08 6.84474 90 -90 0
1854 -8.26242 -0.788965 6.84474 90 -84.5455 0
1855 -8.15001 -1.57079 6.84474 90 -79.0909 0
1856 -7.96379 -2.33838 6.84474 90 -73.6364 0
1857 -7.70545 -3.0848 6.84474 90 -68.1818 0
1858 -7.37733 -3.80328 6.84474 90 -62.7273 0
1859 -6.9824 -4.48732 6.84474 90 -57.2727 0
1860 -6.52424 -5.13072 6.84474 90 -51.8182 0
1861 -6.00699 -5.72766 6.84474 90 -46.3636 0
1862 -5.43534 -6.27272 6.84474 90 -40.9091 0
1863 -4.81447 -6.76098 6.84474 90 -35.4545 0
1864 -4.15 -7.18801 6.84474 90 -30 0
1865 -3.44794 -7.54995 6.84474 90 -24.5455 0
1866 -2.71466 -7.84351 6.84474 90 -19.0909 0
1867 -1.9568 -8.06604 6.84474 90 -13.6364 0
1868 -1.18121 -8.21552 6.84474 90 -8.18182 0
1869 -0.39493 -8.2906 6.84474 90 -2.72727 0
1870 0.39493 -8.2906 6.84474 90 2.72727 0
1871 1.18121 -8.21552 6.84474 90 8.18182 0
1872 1.9568 -8.06604 6.84474 90 13.6364 0
1873 2.71466 -7.84351 6.84474 90 19.0909 0
1874 3.44794 -7.54995 6.84474 90 24.5455 0
1875 4.15 -7.18801 6.84474 90 30 0
1876 4.81447 -6.76098 6.84474 90 35.4545 0
1877 5.43534 -6.27272 6.84474 90 40.9091 0
1878 6.00699 -5.72766 6.84474 90 46.3636 0
1879 6.52424 -5.13072 6.84474 90 51.8182 0
1880 6.9824 -4.48732 6.84474 90 57.2727 0
1881 7.37733 -3.80328 6.84474 90 62.7273 0
1882 7.70545 -3.0848 6.84474 90 68.1818 0
1883 7.96379 -2.33838 6.84474 90 73.6364 0
1884 8.15001 -1.57079 6.84474 90 79.0909 0
1885 8.26242 -0.788965 6.84474 90 84.5455 0
1886 8.3 0 6.84474 90 90 0
1887 8.26242 0.788965 6.84474 90 95.4545 0
1888 8.15001 1.57079 6.84474 90 100.909 0
1889 7.96379 2.33838 6.84474 90 106.364 0
1890 7.70545 3.0848 6.84474 90 111.818 0
1891 7.37733 3.80328 6.84474 90 117.273 0
1892 6.9824 4.48732 6.84474 90 122.727 0
1893 6.52424 5.13072 6.84474 90 128.182 0
1894 6.00699 5.72766 6.84474 90 133.636 0
1895 5.43534 6.27272 6.84474 90 139.091 0
1896 4.81447 6.76098 6.84474 90 144.545 0
1897 4.15 7.18801 6.84474 90 150 0
1898 3.44794 7.54995 6.84474 90 155.455 0
1899 2.71466 7.84351 6.84474 90 160.909 0
1900 1.9568 8.06604 6.84474 90 166.364 0
1901 1.18121 8.21552 6.84474 90 171.818 0
1902 0.39493 8.2906 6.84474 90 177.273 0
1903 -0.39493 8.2906 6.84474 90 182.727 0
1904 -1.18121 8.21552 6.84474 90 188.182 0
1905 -1.9568 8.06604 6.84474 90 193.636 0
1906 -2.71466 7.84351 6.84474 90 199.091 0
1907 -3.44794 7.54995 6.84474 90 204.545 0
1908 -4.15 7.18801 6.84474 90 210 0
1909 -4.81447 6.76098 6.84474 90 215.455 0
1910 -5.43534 6.27272 6.84474 90 220.909 0
1911 -6.00699 5.72766 6.84474 90 226.364 0
1912 -6.52424 5.13072 6.84474 90 231.818 0
1913 -6.9824 4.48732 6.84474 90 237.273 0
1914 -7.37733 3.80328 6.84474 90 242.727 0
1915 -7.70545 3.0848 6.84474 90 248.182 0
1916 -7.96379 2.33838 6.84474 90 253.636 0
1917 -8.15001 1.57079 6.84474 90 259.091 0
1918 -8.26242 0.788965 6.84474 90 264.545 0
1919 -8.3 -2.97953e-08 7.65 90 -90 0
1920 -8.26242 -0.788965 7.65 90 -84.5455 0
1921 -8.15001 -1.57079 7.65 90 -79.0909 0
1922 -7.96379 -2.33838 7.65 90 -73.6364 0
1923 -7.70545 -3.0848 7.65 90 -68.1818 0
1924 -7.37733 -3.80328 7.65 90 -62.7273 0
1925 -6.9824 -4.48732 7.65 90 -57.2727 0
1926 -6.52424 -5.13072 7.65 90 -51.8182 0
1927 -6.00699 -5.72766 7.65 90 -46.3636 0
1928 -5.43534 -6.27272 7.65 90 -40.9091 0
1929 -4.81447 -6.76098 7.65 90 -35.4545 0
1930 -4.15 -7.18801 7.65 90 -30 0
1931 -3.44794 -7.54995 7.65 90 -24.5455 0
1932 -2.71466 -7.84351 7.65 90 -19.0909 0
1933 -1.9568 -8.06604 7.65 90 -13.6364 0
1934 -1.18121 -8.21552 7.65 90 -8.18182 0
1935 -0.39493 -8.2906 7.65 90 -2.72727 0
1936 0.39493 -8.2906 7.65 90 2.72727 0
1937 1.18121 -8.21552 7.65 90 8.18182 0
1938 1.9568 -8.06604 7.65 90 13.6364 0
1939 2.71466 -7.84351 7.65 90 19.0909 0
1940 3.44794 -7.54995 7.65 90 24.5455 0
1941 4.15 -7.18801 7.65 90 30 0
1942 4.81447 -6.76098 7.65 90 35.4545 0
1943 5.43534 -6.27272 7.65 90 40.9091 0
1944 6.00699 -5.72766 7.65 90 46.3636 0
1945 6.52424 -5.13072 7.65 90 51.8182 0
1946 6.9824 -4.48732 7.65 90 57.2727 0
1947 7.37733 -3.80328 7.65 90 62.7273 0
1948 7.70545 -3.0848 7.65 90 68.1818 0
1949 7.96379 -2.33838 7.65 90 73.6364 0
1950 8.15001 -1.57079 7.65 90 79.0909 0
1951 8.26242 -0.788965 7.65 90 84.5455 0
1952 8.3 0 7.65 90 90 0
1953 8.26242 0.788965 7.65 90 95.4545 0
1954 8.15001 1.57079 7.65 90 100.909 0
1955 7.96379 2.33838 7.65 90 106.364 0
1956 7.70545 3.0848 7.65 90 111.818 0
1957 7.37733 3.80328 7.65 90 117.273 0
1958 6.9824 4.48732 7.65 90 122.727 0
1959 6.52424 5.13072 7.65 90 128.182 0
1960 6.00699 5.72766 7.65 90 133.636 0
1961 5.43534 6.27272 7.65 90 139.091 0
1962 4.81447 6.76098 7.65 90 144.545 0
1963 4.15 7.18801 7.65 90 150 0
1964 3.44794 7.54995 7.65 90 155.455 0
1965 2.71466 7.84351 7.65 90 160.909 0
1966 1.9568 8.06604 7.65 90 166.364 0
1967 1.18121 8.21552 7.65 90 171.818 0
1968 0.39493 8.2906 7.65 90 177.273 0
1969 -0.39493 8.2906 7.65 90 182.727 0
1970 -1.18121 8.21552 7.65 90 188.182 0
1971 -1.9568 8.06604 7.65 90 193.636 0
1972 -2.71466 7.84351 7.65 90 199.091 0
1973 -3.44794 7.54995 7.65 90 204.545 0
1974 -4.15 7.18801 7.65 90 210 0
1975 -4.81447 6.76098 7.65 90 215.455 0
1976 -5.43534 6.27272 7.65 90 220.909 0
1977 -6.00699 5.72766 7.65 90 226.364 0
1978 -6.52424 5.13072 7.65 90 231.818 0
1979 -6.9824 4.48732 7.65 90 237.273 0
1980 -7.37733 3.80328 7.65 90 242.727 0
1981 -7.70545 3.0848 7.65 90 248.182 0
1982 -7.96379 2.33838 7.65 90 253.636 0
1983 -8.15001 1.57079 7.65 90 259.091 0
1984 -8.26242 0.788965 7.65 90 264.545 0
