		0.01 84.143

		103 84.143
		104 82.651
		105 81.058
		106 79.350
		107 77.505
		108 75.495
		109 73.280
		110 70.796
		111 67.940
		112 64.507
		113 59.978
		114 48.887

		114 38.946
		113 26.336
		112 21.170
		111 17.243
		110 13.966
		109 11.107
		108 8.549
		107 6.210
		106 4.075
		105 2.081
		104 0.216
		103.880 0
		98 -9.054
		93 -15.082
		88 -20.078
		83 -24.292
		78 -27.867
		73 -30.903
		68 -33.470
		63 -35.613
		58 -37.369
		53 -38.765
		52.889 -38.792

		49.5 -39.847
		46.5 -41.200
		43.5 -43.022
		40.5 -45.433
		37.5 -48.679
		34.5 -53.390
		31.5 -66

		0.01 -66

